[gd_scene load_steps=589 format=3 uid="uid://n0kjj88rjuor"]

[ext_resource type="Script" uid="uid://dnrelw0fv4ou8" path="res://addons/zylann.hterrain/hterrain.gd" id="1_fa63b"]
[ext_resource type="Resource" uid="uid://kswptg5hojwh" path="res://wendigoTerrainMap/data.hterrain" id="2_1mri4"]
[ext_resource type="Script" uid="uid://bijdjc8imckni" path="res://addons/zylann.hterrain/hterrain_texture_set.gd" id="2_05m3n"]
[ext_resource type="Texture2D" uid="uid://uvty2e4akmu3" path="res://Wendigo Level/wendigo_forest_slot0_albedo_bump.png" id="4_6km8e"]
[ext_resource type="Texture2D" uid="uid://bnc7knvobvmam" path="res://Wendigo Level/wendigo_forest_slot1_albedo_bump.png" id="5_mqwve"]
[ext_resource type="Texture2D" uid="uid://cm5pnnq8bn8o0" path="res://wendigoTerrainMap/ground-SticksLeaves.png" id="6_mqwve"]
[ext_resource type="Texture2D" uid="uid://c88ygew4thkdt" path="res://Wendigo Level/wendigo_forest_slot0_normal_roughness.png" id="6_uaxvo"]
[ext_resource type="Texture2D" uid="uid://d2rnd2qiej447" path="res://Wendigo Level/wendigo_forest_slot1_normal_roughness.png" id="7_b1vwf"]
[ext_resource type="Script" uid="uid://bc7pailucq83t" path="res://addons/dreadpon.spatial_gardener/gardener/gardener.gd" id="9_q4s1m"]
[ext_resource type="Script" uid="uid://dieiojnt518h" path="res://addons/dreadpon.spatial_gardener/arborist/mmi_octree/mmi_octree_node.gd" id="10_pdyqn"]
[ext_resource type="Script" uid="uid://c4s4x5b27vdf6" path="res://addons/dreadpon.spatial_gardener/arborist/mmi_octree/mmi_octree_manager.gd" id="11_qusdq"]
[ext_resource type="Script" uid="uid://d1pavk3gl4atd" path="res://addons/dreadpon.spatial_gardener/arborist/arborist.gd" id="12_np73x"]
[ext_resource type="PackedScene" uid="uid://dbali5u4o76qd" path="res://Wendigo Level/WendigoCharacter/wendigoAi.tscn" id="13_pdyqn"]
[ext_resource type="PackedScene" uid="uid://cwqd117ianhrh" path="res://globalScenes/z.tscn" id="14_qusdq"]
[ext_resource type="Texture2D" uid="uid://bdnei7nra2707" path="res://Assets/Materials/ProgressUnder.png" id="15_136gw"]
[ext_resource type="Texture2D" uid="uid://3omsqjf7hpnp" path="res://Assets/Materials/ProgressBar.png" id="16_g0ukx"]
[ext_resource type="Texture2D" uid="uid://booo2f3co4624" path="res://Assets/Materials/spa-homepage-greybox.png" id="17_qv7kg"]
[ext_resource type="Script" path="res://globalScenes/dialog.gd" id="18_jyr7y"]
[ext_resource type="Script" path="res://globalScenes/pause_menu.gd" id="19_uyjqn"]
[ext_resource type="FontFile" uid="uid://bmtr4hnwlwqdp" path="res://Assets/Materials/StartScreenAssets/BungeeFont/BungeeTint-Regular.ttf" id="20_75rbe"]
[ext_resource type="AudioStream" uid="uid://dcxd3btis03eu" path="res://Assets/SFX/buttonPressNoise.wav" id="21_kbknu"]
[ext_resource type="FontFile" uid="uid://cx705ekmev8os" path="res://Assets/Jersey20-Regular.ttf" id="22_6jnv6"]
[ext_resource type="Script" path="res://globalScenes/plusCounter.gd" id="23_cx7th"]
[ext_resource type="Texture2D" uid="uid://6664beu66w00" path="res://Assets/Materials/StartScreenAssets/MothmanPNG.png" id="24_ly1ea"]
[ext_resource type="Script" path="res://globalScenes/sun.gd" id="25_g0ukx"]

[sub_resource type="Resource" id="Resource_1mri4"]
script = ExtResource("2_05m3n")
mode = 0
textures = [[ExtResource("4_6km8e"), ExtResource("5_mqwve"), ExtResource("6_mqwve")], [ExtResource("6_uaxvo"), ExtResource("7_b1vwf"), ExtResource("6_mqwve")]]

[sub_resource type="Resource" id="Resource_np73x"]
resource_local_to_scene = true
resource_name = "MMIOctreeNode"
script = ExtResource("10_pdyqn")
max_members = 75
min_leaf_extent = 1.0
is_leaf = true
center_pos = Vector3(-1169, -171, -321)
extent = 512.0
bounds = AABB(-1681, -683, -833, 1024, 1024, 1024)
max_bounds_to_center_dist = 886.8100134752651
min_bounds_to_center_dist = 512.0
active_LOD_index = 0
metadata/class = "MMIOctreeNode"

[sub_resource type="Resource" id="Resource_v22mc"]
resource_local_to_scene = true
resource_name = "MMIOctreeNode"
script = ExtResource("10_pdyqn")
max_members = 75
min_leaf_extent = 1.0
octant = 1
is_leaf = true
center_pos = Vector3(-1169, -171, 703)
extent = 512.0
bounds = AABB(-1681, -683, 191, 1024, 1024, 1024)
max_bounds_to_center_dist = 886.8100134752651
min_bounds_to_center_dist = 512.0
active_LOD_index = 0
metadata/class = "MMIOctreeNode"

[sub_resource type="Resource" id="Resource_5fma2"]
resource_local_to_scene = true
resource_name = "MMIOctreeNode"
script = ExtResource("10_pdyqn")
max_members = 75
min_leaf_extent = 1.0
octant = 2
is_leaf = true
center_pos = Vector3(-1169, 853, -321)
extent = 512.0
bounds = AABB(-1681, 341, -833, 1024, 1024, 1024)
max_bounds_to_center_dist = 886.8100134752651
min_bounds_to_center_dist = 512.0
active_LOD_index = 0
metadata/class = "MMIOctreeNode"

[sub_resource type="Resource" id="Resource_nknua"]
resource_local_to_scene = true
resource_name = "MMIOctreeNode"
script = ExtResource("10_pdyqn")
max_members = 75
min_leaf_extent = 1.0
octant = 3
is_leaf = true
center_pos = Vector3(-1169, 853, 703)
extent = 512.0
bounds = AABB(-1681, 341, 191, 1024, 1024, 1024)
max_bounds_to_center_dist = 886.8100134752651
min_bounds_to_center_dist = 512.0
active_LOD_index = 0
metadata/class = "MMIOctreeNode"

[sub_resource type="Resource" id="Resource_n1si7"]
resource_local_to_scene = true
resource_name = "MMIOctreeNode"
script = ExtResource("10_pdyqn")
max_members = 75
min_leaf_extent = 1.0
is_leaf = true
center_pos = Vector3(-401, -427, -577)
extent = 256.0
bounds = AABB(-657, -683, -833, 512, 512, 512)
max_bounds_to_center_dist = 443.40500673763256
min_bounds_to_center_dist = 256.0
active_LOD_index = 0
metadata/class = "MMIOctreeNode"

[sub_resource type="Resource" id="Resource_8yfk1"]
resource_local_to_scene = true
resource_name = "MMIOctreeNode"
script = ExtResource("10_pdyqn")
max_members = 75
min_leaf_extent = 1.0
octant = 1
is_leaf = true
center_pos = Vector3(-401, -427, -65)
extent = 256.0
bounds = AABB(-657, -683, -321, 512, 512, 512)
max_bounds_to_center_dist = 443.40500673763256
min_bounds_to_center_dist = 256.0
active_LOD_index = 0
metadata/class = "MMIOctreeNode"

[sub_resource type="Resource" id="Resource_o2n4u"]
resource_local_to_scene = true
resource_name = "MMIOctreeNode"
script = ExtResource("10_pdyqn")
max_members = 75
min_leaf_extent = 1.0
octant = 2
is_leaf = true
center_pos = Vector3(-401, 85, -577)
extent = 256.0
bounds = AABB(-657, -171, -833, 512, 512, 512)
max_bounds_to_center_dist = 443.40500673763256
min_bounds_to_center_dist = 256.0
active_LOD_index = 0
metadata/class = "MMIOctreeNode"

[sub_resource type="Resource" id="Resource_t4o41"]
resource_local_to_scene = true
resource_name = "MMIOctreeNode"
script = ExtResource("10_pdyqn")
max_members = 75
min_leaf_extent = 1.0
is_leaf = true
center_pos = Vector3(-529, -43, -193)
extent = 128.0
bounds = AABB(-657, -171, -321, 256, 256, 256)
max_bounds_to_center_dist = 221.70250336881628
min_bounds_to_center_dist = 128.0
active_LOD_index = 0
metadata/class = "MMIOctreeNode"

[sub_resource type="Resource" id="Resource_lopn4"]
resource_local_to_scene = true
resource_name = "MMIOctreeNode"
script = ExtResource("10_pdyqn")
max_members = 75
min_leaf_extent = 1.0
octant = 1
is_leaf = true
center_pos = Vector3(-529, -43, 63)
extent = 128.0
bounds = AABB(-657, -171, -65, 256, 256, 256)
max_bounds_to_center_dist = 221.70250336881628
min_bounds_to_center_dist = 128.0
active_LOD_index = 0
metadata/class = "MMIOctreeNode"

[sub_resource type="Resource" id="Resource_136gw"]
resource_local_to_scene = true
resource_name = "MMIOctreeNode"
script = ExtResource("10_pdyqn")
max_members = 75
min_leaf_extent = 1.0
octant = 2
is_leaf = true
center_pos = Vector3(-529, 213, -193)
extent = 128.0
bounds = AABB(-657, 85, -321, 256, 256, 256)
max_bounds_to_center_dist = 221.70250336881628
min_bounds_to_center_dist = 128.0
active_LOD_index = 0
metadata/class = "MMIOctreeNode"

[sub_resource type="Resource" id="Resource_g0ukx"]
resource_local_to_scene = true
resource_name = "MMIOctreeNode"
script = ExtResource("10_pdyqn")
max_members = 75
min_leaf_extent = 1.0
octant = 3
is_leaf = true
center_pos = Vector3(-529, 213, 63)
extent = 128.0
bounds = AABB(-657, 85, -65, 256, 256, 256)
max_bounds_to_center_dist = 221.70250336881628
min_bounds_to_center_dist = 128.0
active_LOD_index = 0
metadata/class = "MMIOctreeNode"

[sub_resource type="Resource" id="Resource_qv7kg"]
resource_local_to_scene = true
resource_name = "MMIOctreeNode"
script = ExtResource("10_pdyqn")
max_members = 75
min_leaf_extent = 1.0
is_leaf = true
center_pos = Vector3(-337, -107, -257)
extent = 64.0
bounds = AABB(-401, -171, -321, 128, 128, 128)
max_bounds_to_center_dist = 110.85125168440814
min_bounds_to_center_dist = 64.0
active_LOD_index = 0
metadata/class = "MMIOctreeNode"

[sub_resource type="Resource" id="Resource_jyr7y"]
resource_local_to_scene = true
resource_name = "MMIOctreeNode"
script = ExtResource("10_pdyqn")
max_members = 75
min_leaf_extent = 1.0
octant = 1
is_leaf = true
center_pos = Vector3(-337, -107, -129)
extent = 64.0
bounds = AABB(-401, -171, -193, 128, 128, 128)
max_bounds_to_center_dist = 110.85125168440814
min_bounds_to_center_dist = 64.0
active_LOD_index = 0
metadata/class = "MMIOctreeNode"

[sub_resource type="Resource" id="Resource_uyjqn"]
resource_local_to_scene = true
resource_name = "MMIOctreeNode"
script = ExtResource("10_pdyqn")
max_members = 75
min_leaf_extent = 1.0
octant = 2
is_leaf = true
center_pos = Vector3(-337, 21, -257)
extent = 64.0
bounds = AABB(-401, -43, -321, 128, 128, 128)
max_bounds_to_center_dist = 110.85125168440814
min_bounds_to_center_dist = 64.0
active_LOD_index = 0
metadata/class = "MMIOctreeNode"

[sub_resource type="Resource" id="Resource_75rbe"]
resource_local_to_scene = true
resource_name = "MMIOctreeNode"
script = ExtResource("10_pdyqn")
max_members = 75
min_leaf_extent = 1.0
octant = 3
is_leaf = true
center_pos = Vector3(-337, 21, -129)
extent = 64.0
bounds = AABB(-401, -43, -193, 128, 128, 128)
max_bounds_to_center_dist = 110.85125168440814
min_bounds_to_center_dist = 64.0
active_LOD_index = 0
metadata/class = "MMIOctreeNode"

[sub_resource type="Resource" id="Resource_kbknu"]
resource_local_to_scene = true
resource_name = "MMIOctreeNode"
script = ExtResource("10_pdyqn")
max_members = 75
min_leaf_extent = 1.0
octant = 4
is_leaf = true
center_pos = Vector3(-209, -107, -257)
extent = 64.0
bounds = AABB(-273, -171, -321, 128, 128, 128)
max_bounds_to_center_dist = 110.85125168440814
min_bounds_to_center_dist = 64.0
active_LOD_index = 0
metadata/class = "MMIOctreeNode"

[sub_resource type="Resource" id="Resource_6jnv6"]
resource_local_to_scene = true
resource_name = "MMIOctreeNode"
script = ExtResource("10_pdyqn")
max_members = 75
min_leaf_extent = 1.0
octant = 5
is_leaf = true
center_pos = Vector3(-209, -107, -129)
extent = 64.0
bounds = AABB(-273, -171, -193, 128, 128, 128)
max_bounds_to_center_dist = 110.85125168440814
min_bounds_to_center_dist = 64.0
active_LOD_index = 0
metadata/class = "MMIOctreeNode"

[sub_resource type="Resource" id="Resource_cx7th"]
resource_local_to_scene = true
resource_name = "MMIOctreeNode"
script = ExtResource("10_pdyqn")
member_placeforms = [[Vector3(-145.38496, 30.015907, -246.0003), Vector3(-0.80033493, 0.4998797, 0.3310351), Transform3D(-0.09620756, 0, -0.9953613, 0, 1, 0, 0.9953613, 0, -0.09620756, -145.38496, 30.015907, -246.0003), 7], [Vector3(-147.80727, 18.77246, -233.02237), Vector3(-0.7732615, 0.6039248, 0.19323963), Transform3D(0.20422849, 0, 0.97892326, 0, 1, 0, -0.97892326, 0, 0.20422849, -147.80727, 18.77246, -233.02237), 5], [Vector3(-155.49875, 13.739671, -235.17328), Vector3(-0.48498037, 0.8547833, -0.18476899), Transform3D(0.57393557, 0, -0.81890047, 0, 1, 0, 0.81890047, 0, 0.57393557, -155.49875, 13.739671, -235.17328), 5], [Vector3(-153.72412, 20.13338, -247.36156), Vector3(-0.7969686, 0.4867934, 0.35759383), Transform3D(0.363993, 0, -0.9314017, 0, 1, 0, 0.9314017, 0, 0.363993, -153.72412, 20.13338, -247.36156), 5], [Vector3(-157.1733, 13.4175625, -245.20596), Vector3(-0.74261165, 0.56629974, 0.35753685), Transform3D(0.38635978, 0, -0.9223482, 0, 1, 0, 0.9223482, 0, 0.38635978, -157.1733, 13.4175625, -245.20596), 5], [Vector3(-160.97118, 13.749803, -227.24257), Vector3(-0.47105718, 0.8820753, -0.0069517805), Transform3D(-0.8156093, 0, 0.5786031, 0, 1, 0, -0.5786031, 0, -0.8156093, -160.97118, 13.749803, -227.24257), 5], [Vector3(-150.79492, 26.170746, -250.22209), Vector3(-0.68482095, 0.61050695, 0.39787143), Transform3D(0.93893844, 0, -0.34408534, 0, 1, 0, 0.3440853, 0, 0.93893844, -150.79492, 26.170746, -250.22209), 7], [Vector3(-152.62024, 18.0868, -242.14366), Vector3(-0.69104725, 0.5434891, 0.4765222), Transform3D(-0.66053593, 0, -0.7507944, 0, 1, 0, 0.7507944, 0, -0.66053593, -152.62024, 18.0868, -242.14366), 5], [Vector3(-167.49672, 12.373057, -253.74211), Vector3(-0.58790034, 0.7592841, 0.2790357), Transform3D(-0.3509825, 0, -0.93638206, 0, 1, 0, 0.93638206, 0, -0.3509825, -167.49672, 12.373057, -253.74211), 5], [Vector3(-149.81789, 32.016514, -255.93356), Vector3(-0.48973554, 0.5644223, 0.6645199), Transform3D(0.37563506, 0, -0.92676765, 0, 1, 0, 0.92676765, 0, 0.37563506, -149.81789, 32.016514, -255.93356), 7], [Vector3(-162.22192, 14.246765, -252.34499), Vector3(-0.2999239, 0.59033775, 0.7493644), Transform3D(-0.52814937, 0, -0.8491515, 0, 1, 0, 0.8491515, 0, -0.52814937, -162.22192, 14.246765, -252.34499), 5], [Vector3(-178.67058, 8.645978, -253.33945), Vector3(0.040537227, 0.993743, -0.104075305), Transform3D(0.32450986, 0, 0.9458823, 0, 1, 0, -0.9458823, 0, 0.32450986, -178.67058, 8.645978, -253.33945), 5], [Vector3(-171.77644, 10.766474, -247.36212), Vector3(0.3961585, 0.90037274, 0.17996533), Transform3D(-0.7875665, 0, 0.6162298, 0, 1, 0, -0.6162298, 0, -0.7875665, -171.77644, 10.766474, -247.36212), 5], [Vector3(-174.81227, 13.27157, -232.54202), Vector3(-0.26920235, 0.9618015, -0.049678013), Transform3D(-0.6754326, 0, -0.7374217, 0, 1, 0, 0.7374217, 0, -0.6754326, -174.81227, 13.27157, -232.54202), 5], [Vector3(-163.46472, 9.896971, -249.20921), Vector3(-0.17434004, 0.6301882, 0.7566164), Transform3D(-0.3842928, 0, 0.9232113, 0, 1, 0, -0.9232113, 0, -0.3842928, -163.46472, 9.896971, -249.20921), 5], [Vector3(-189.50465, 7.229499, -243.2546), Vector3(-0.39531726, 0.7584582, 0.5181366), Transform3D(-0.93824506, 0, -0.34597147, 0, 1, 0, 0.34597147, 0, -0.93824506, -189.50465, 7.229499, -243.2546), 5], [Vector3(-182.74442, 9.5812235, -243.1894), Vector3(-0.08326969, 0.947856, 0.30762815), Transform3D(-0.48307556, 0, -0.87557864, 0, 1, 0, 0.87557864, 0, -0.48307556, -182.74442, 9.5812235, -243.1894), 5], [Vector3(-180.62666, 9.5938, -235.72643), Vector3(-0.38313255, 0.87895614, 0.2839816), Transform3D(0.98160964, 0, 0.19089936, 0, 1, 0, -0.19089936, 0, 0.98160964, -180.62666, 9.5938, -235.72643), 5], [Vector3(-186.0328, 5.336939, -228.79207), Vector3(-0.32405794, 0.9440353, -0.06151315), Transform3D(0.68124, 0, 0.7320602, 0, 1, 0, -0.7320602, 0, 0.68124, -186.0328, 5.336939, -228.79207), 5], [Vector3(-158.28253, 16.261574, -251.206), Vector3(-0.63324475, 0.5011092, 0.5898227), Transform3D(0.9850835, 0, -0.1720768, 0, 1, 0, 0.1720768, 0, 0.9850835, -158.28253, 16.261574, -251.206), 5], [Vector3(-198.47398, 8.767279, -243.56963), Vector3(-0.38679165, 0.6983699, 0.6022223), Transform3D(-0.9995508, 0, -0.029969556, 0, 1, 0, 0.029969556, 0, -0.9995508, -198.47398, 8.767279, -243.56963), 5], [Vector3(-168.4028, 13.19335, -223.15256), Vector3(-0.05764641, 0.963201, -0.26252744), Transform3D(-0.10267936, 0, -0.9947145, 0, 1, 0, 0.9947145, 0, -0.10267936, -168.4028, 13.19335, -223.15256), 5], [Vector3(-178.96559, 11.5824, -220.32712), Vector3(-0.30804315, 0.9155881, 0.25847226), Transform3D(-0.9742108, 0, -0.22563998, 0, 1, 0, 0.22563998, 0, -0.9742108, -178.96559, 11.5824, -220.32712), 5], [Vector3(-184.92586, 7.800211, -222.67122), Vector3(-0.5839973, 0.8081282, 0.07665602), Transform3D(-0.1423473, 0, -0.9898168, 0, 1, 0, 0.9898168, 0, -0.1423473, -184.92586, 7.800211, -222.67122), 5], [Vector3(-188.76262, 10.436426, -248.39233), Vector3(0.38282165, 0.84430933, 0.37495247), Transform3D(-0.14702128, 0, 0.98913336, 0, 1, 0, -0.98913336, 0, -0.14702128, -188.76262, 10.436426, -248.39233), 5], [Vector3(-197.85881, 13.19225, -249.78705), Vector3(-0.5880815, 0.7833396, 0.20134367), Transform3D(-0.9984413, 0, -0.055812605, 0, 1, 0, 0.055812605, 0, -0.9984413, -197.85881, 13.19225, -249.78705), 5], [Vector3(-207.61595, 5.961722, -248.996), Vector3(-0.31691802, 0.8884319, -0.3320419), Transform3D(-0.99444276, 0, 0.10527883, 0, 1, 0, -0.10527883, 0, -0.99444276, -207.61595, 5.961722, -248.996), 5], [Vector3(-173.4064, 12.453657, -240.42493), Vector3(0.52634174, 0.8426778, -0.11339603), Transform3D(0.4925573, 0, -0.87028, 0, 1, 0, 0.87028, 0, 0.4925573, -173.4064, 12.453657, -240.42493), 5], [Vector3(-205.25099, 7.6483145, -239.87463), Vector3(0.3071647, 0.91358435, 0.26648372), Transform3D(-0.19991146, 0, 0.979814, 0, 1, 0, -0.979814, 0, -0.19991146, -205.25099, 7.6483145, -239.87463), 5], [Vector3(-164.31421, 13.043666, -229.54941), Vector3(-0.20668381, 0.9442928, -0.2561113), Transform3D(-0.9367745, 0, -0.34993365, 0, 1, 0, 0.34993365, 0, -0.9367745, -164.31421, 13.043666, -229.54941), 5], [Vector3(-199.43677, 6.343631, -225.12164), Vector3(0.46995646, 0.8213016, -0.32342643), Transform3D(-0.4460145, 0, 0.89502573, 0, 1, 0, -0.89502573, 0, -0.4460145, -199.43677, 6.343631, -225.12164), 5], [Vector3(-181.90897, 8.984387, -253.23663), Vector3(0.109724745, 0.91794837, 0.38122344), Transform3D(0.69399136, 0, 0.71998334, 0, 1, 0, -0.71998334, 0, 0.69399136, -181.90897, 8.984387, -253.23663), 5], [Vector3(-219.2785, -1.7441015, -238.26805), Vector3(-0.84313107, 0.33707887, 0.41893655), Transform3D(0.2984143, 0, 0.9544365, 0, 1, 0, -0.9544365, 0, 0.2984143, -219.2785, -1.7441015, -238.26805), 1], [Vector3(-207.48433, 9.166541, -224.29057), Vector3(-0.49289295, 0.8698405, -0.02083484), Transform3D(-0.44203955, 0, 0.89699554, 0, 1, 0, -0.89699554, 0, -0.44203955, -207.48433, 9.166541, -224.29057), 5], [Vector3(-218.14731, 8.004774, -255.01933), Vector3(0.54237986, 0.82896644, -0.13652408), Transform3D(0.92677826, 0, -0.37560898, 0, 1, 0, 0.37560898, 0, 0.92677826, -218.14731, 8.004774, -255.01933), 1], [Vector3(-221.23376, 1.4814434, -244.26643), Vector3(-0.7774857, 0.3294832, 0.5356834), Transform3D(-0.56501746, 0, 0.82507896, 0, 1, 0, -0.82507896, 0, -0.56501746, -221.23376, 1.4814434, -244.26643), 1], [Vector3(-207.8181, 7.6405873, -220.87666), Vector3(-0.62480545, 0.4679298, 0.62502795), Transform3D(0.079475224, 0, -0.99683684, 0, 1, 0, 0.99683684, 0, 0.079475224, -207.8181, 7.6405873, -220.87666), 5], [Vector3(-208.83621, 9.340876, -241.81746), Vector3(0.2649104, 0.9634355, 0.040182043), Transform3D(0.40788594, 0, 0.9130329, 0, 1, 0, -0.9130329, 0, 0.40788594, -208.83621, 9.340876, -241.81746), 5], [Vector3(-188.53046, 5.5186825, -220.62538), Vector3(-0.46249285, 0.8864068, -0.019582802), Transform3D(0.8492449, 0, -0.5279992, 0, 1, 0, 0.5279992, 0, 0.8492449, -188.53046, 5.5186825, -220.62538), 5], [Vector3(-212.51828, 7.2406235, -250.61827), Vector3(0.6164745, 0.7626574, -0.1957371), Transform3D(0.9221642, 0, -0.38679877, 0, 1, 0, 0.38679877, 0, 0.9221642, -212.51828, 7.2406235, -250.61827), 1], [Vector3(-194.71982, 2.4020367, -229.37578), Vector3(-0.32246026, 0.93605226, -0.1408034), Transform3D(-0.50755256, 0, 0.8616208, 0, 1, 0, -0.8616208, 0, -0.50755256, -194.71982, 2.4020367, -229.37578), 5], [Vector3(-192.7542, 6.3576956, -222.07594), Vector3(-0.16850494, 0.9856948, 0.0034461569), Transform3D(-0.6560617, 0, -0.7547073, 0, 1, 0, 0.7547073, 0, -0.6560617, -192.7542, 6.3576956, -222.07594), 5], [Vector3(-177.80498, 9.411436, -251.52269), Vector3(-0.018082904, 0.9273389, -0.37378556), Transform3D(-0.69410735, 0, -0.7198715, 0, 1, 0, 0.7198715, 0, -0.69410735, -177.80498, 9.411436, -251.52269), 5], [Vector3(-157.19427, 12.462639, -236.45753), Vector3(-0.2807928, 0.9411784, -0.18798597), Transform3D(-0.8896544, 0, -0.45663458, 0, 1, 0, 0.45663458, 0, -0.8896544, -157.19427, 12.462639, -236.45753), 5], [Vector3(-169.9421, 14.701994, -215.91833), Vector3(0.2648091, 0.86216545, -0.43191072), Transform3D(-0.9920713, 0, 0.12567681, 0, 1, 0, -0.12567681, 0, -0.9920713, -169.9421, 14.701994, -215.91833), 5], [Vector3(-166.74231, 9.203075, -247.78798), Vector3(0.25394, 0.8473092, 0.46645653), Transform3D(0.84096146, 0, 0.541095, 0, 1, 0, -0.541095, 0, 0.84096146, -166.74231, 9.203075, -247.78798), 5], [Vector3(-187.6557, 7.880034, -204.59813), Vector3(-0.5934826, 0.8038405, -0.040235493), Transform3D(0.38245046, 0, 0.923976, 0, 1, 0, -0.923976, 0, 0.38245046, -187.6557, 7.880034, -204.59813), 5], [Vector3(-161.38129, 9.25845, -238.11388), Vector3(-0.21845788, 0.9030615, -0.3698055), Transform3D(-0.96763253, 0, 0.25236332, 0, 1, 0, -0.25236332, 0, -0.96763253, -161.38129, 9.25845, -238.11388), 5], [Vector3(-152.985, 13.01634, -211.79053), Vector3(0.32430047, 0.77874476, -0.5370157), Transform3D(-0.7713695, 0, 0.6363875, 0, 1, 0, -0.6363875, 0, -0.7713695, -152.985, 13.01634, -211.79053), 5], [Vector3(-163.46515, 12.88253, -214.8604), Vector3(0.37798503, 0.8940304, 0.24049337), Transform3D(-0.97486454, 0, -0.22279832, 0, 1, 0, 0.22279832, 0, -0.97486454, -163.46515, 12.88253, -214.8604), 5], [Vector3(-171.21999, 19.568193, -201.51183), Vector3(0.1560466, 0.95502716, -0.25213623), Transform3D(-0.32786983, 0, -0.9447229, 0, 1, 0, 0.9447229, 0, -0.32786983, -171.21999, 19.568193, -201.51183), 5], [Vector3(-158.65233, 11.094345, -212.8005), Vector3(-0.2641729, 0.87290055, -0.4101919), Transform3D(0.65285563, 0, 0.75748235, 0, 1, 0, -0.75748235, 0, 0.65285563, -158.65233, 11.094345, -212.8005), 5], [Vector3(-172.28821, 17.85, -207.61232), Vector3(0.27771264, 0.9528201, -0.122513704), Transform3D(-0.6629457, 0, 0.7486675, 0, 1, 0, -0.7486675, 0, -0.6629457, -172.28821, 17.85, -207.61232), 5], [Vector3(-167.65578, 16.170584, -206.02364), Vector3(0.5275698, 0.82873595, -0.18672672), Transform3D(-0.97955257, 0, -0.20118828, 0, 1, 0, 0.20118828, 0, -0.97955257, -167.65578, 16.170584, -206.02364), 5], [Vector3(-148.4557, 15.319384, -223.7351), Vector3(-0.25997213, 0.95801926, 0.120887145), Transform3D(-0.9385607, 0, -0.34511432, 0, 1, 0, 0.34511432, 0, -0.9385607, -148.4557, 15.319384, -223.7351), 5], [Vector3(-251.30562, 14.062389, -196.23862), Vector3(0.75147665, 0.16879201, -0.6378026), Transform3D(0.190224, 0, -0.9817407, 0, 1, 0, 0.9817407, 0, 0.190224, -251.30562, 14.062389, -196.23862), 1], [Vector3(-254.11496, 25.764, -196.18358), Vector3(0.7389107, 0.24571724, -0.6274027), Transform3D(-0.7776067, 0, 0.628751, 0, 1, 0, -0.628751, 0, -0.7776067, -254.11496, 25.764, -196.18358), 3]]
max_members = 75
min_leaf_extent = 1.0
octant = 6
is_leaf = true
center_pos = Vector3(-209, 21, -257)
extent = 64.0
bounds = AABB(-273, -43, -321, 128, 128, 128)
max_bounds_to_center_dist = 110.85125168440814
min_bounds_to_center_dist = 64.0
active_LOD_index = 0
metadata/class = "MMIOctreeNode"

[sub_resource type="Resource" id="Resource_ly1ea"]
resource_local_to_scene = true
resource_name = "MMIOctreeNode"
script = ExtResource("10_pdyqn")
member_placeforms = [[Vector3(-244.24039, 20.132977, -136.45862), Vector3(0.53777575, 0.46646458, -0.70228773), Transform3D(-0.9737821, 0, 0.2274828, 0, 1, 0, -0.2274828, 0, -0.9737821, -244.24039, 20.132977, -136.45862), 3], [Vector3(-252.53123, 19.860294, -147.53534), Vector3(0.43996927, 0.7761774, -0.45163664), Transform3D(-0.7973956, 0, -0.603457, 0, 1, 0, 0.603457, 0, -0.7973956, -252.53123, 19.860294, -147.53534), 3], [Vector3(-239.72528, 13.213079, -141.1142), Vector3(0.1582779, 0.8334199, -0.5294897), Transform3D(0.8928121, 0, -0.45042938, 0, 1, 0, 0.45042938, 0, 0.8928121, -239.72528, 13.213079, -141.1142), 7], [Vector3(-232.6695, 15.978357, -134.01534), Vector3(0.2530894, 0.8070611, -0.53347754), Transform3D(0.7745081, 0, -0.63256395, 0, 1, 0, 0.63256395, 0, 0.7745081, -232.6695, 15.978357, -134.01534), 7], [Vector3(-246.56195, 14.638086, -151.29002), Vector3(0.5328835, 0.7093199, -0.46141145), Transform3D(0.07802598, 0, 0.99695134, 0, 1, 0, -0.99695134, 0, 0.07802598, -246.56195, 14.638086, -151.29002), 3], [Vector3(-248.50581, 16.882994, -154.98515), Vector3(0.6126274, 0.741178, 0.2744867), Transform3D(0.7162435, 0, -0.69785047, 0, 1, 0, 0.69785047, 0, 0.7162435, -248.50581, 16.882994, -154.98515), 3], [Vector3(-252.69206, 19.98775, -158.87177), Vector3(0.64729005, 0.7269733, -0.22918417), Transform3D(0.9090973, 0, -0.41658384, 0, 1, 0, 0.41658384, 0, 0.9090973, -252.69206, 19.98775, -158.87177), 3], [Vector3(-237.82799, 9.781446, -145.9559), Vector3(0.29285407, 0.86322856, -0.41118476), Transform3D(0.98794156, 0, -0.1548273, 0, 1, 0, 0.1548273, 0, 0.98794156, -237.82799, 9.781446, -145.9559), 7], [Vector3(-245.31169, 17.215858, -173.6741), Vector3(0.46168506, 0.819107, -0.34045663), Transform3D(-0.80987936, 0, 0.5865965, 0, 1, 0, -0.5865965, 0, -0.80987936, -245.31169, 17.215858, -173.6741), 2], [Vector3(-244.78937, 14.405435, -163.35011), Vector3(0.34924334, 0.92826325, 0.12789275), Transform3D(0.6734728, 0, 0.739212, 0, 1, 0, -0.739212, 0, 0.6734728, -244.78937, 14.405435, -163.35011), 2], [Vector3(-233.30736, 10.429129, -153.8919), Vector3(0.343742, 0.9242373, 0.16621315), Transform3D(0.21772383, 0, -0.97601044, 0, 1, 0, 0.97601044, 0, 0.21772383, -233.30736, 10.429129, -153.8919), 7], [Vector3(-236.44952, 11.094937, -157.9476), Vector3(-0.017467594, 0.96481776, 0.26233873), Transform3D(-0.865709, 0, -0.5005476, 0, 1, 0, 0.5005476, 0, -0.865709, -236.44952, 11.094937, -157.9476), 7], [Vector3(-248.22057, 17.819475, -142.93323), Vector3(0.666719, 0.67319304, -0.31983885), Transform3D(-0.9802209, 0, 0.19790661, 0, 1, 0, -0.19790661, 0, -0.9802209, -248.22057, 17.819475, -142.93323), 3], [Vector3(-247.30484, 19.157665, -189.45132), Vector3(0.6792836, 0.2501308, -0.6899336), Transform3D(0.89459914, 0, -0.44686952, 0, 1, 0, 0.44686952, 0, 0.89459914, -247.30484, 19.157665, -189.45132), 2], [Vector3(-244.68922, 19.112604, -182.8293), Vector3(0.8222187, 0.5551577, 0.12552379), Transform3D(-0.5607726, 0, -0.82796985, 0, 1, 0, 0.82796985, 0, -0.5607726, -244.68922, 19.112604, -182.8293), 2], [Vector3(-236.96349, 11.095568, -174.91144), Vector3(0.2477525, 0.9054726, -0.344584), Transform3D(-0.93593806, 0, -0.35216463, 0, 1, 0, 0.35216463, 0, -0.93593806, -236.96349, 11.095568, -174.91144), 6], [Vector3(-240.70328, 12.551002, -162.82645), Vector3(0.57560456, 0.76103175, 0.29918247), Transform3D(-0.9950939, 0, 0.09893544, 0, 1, 0, -0.09893544, 0, -0.9950939, -240.70328, 12.551002, -162.82645), 6], [Vector3(-242.15552, 7.3062863, -186.996), Vector3(0.8294795, 0.23030858, -0.5088436), Transform3D(0.96471745, 0, 0.26328754, 0, 1, 0, -0.26328754, 0, 0.96471745, -242.15552, 7.3062863, -186.996), 2], [Vector3(-239.58183, 10.471768, -180.56671), Vector3(0.8150835, 0.41543323, -0.40379956), Transform3D(0.03795694, 0, -0.9992794, 0, 1, 0, 0.9992794, 0, 0.03795694, -239.58183, 10.471768, -180.56671), 6], [Vector3(-239.87714, 14.095025, -169.8367), Vector3(0.42321736, 0.90246344, -0.08029148), Transform3D(0.8163962, 0, -0.57749236, 0, 1, 0, 0.57749236, 0, 0.8163962, -239.87714, 14.095025, -169.8367), 6], [Vector3(-244.147, 10.673044, -188.4933), Vector3(0.7554612, 0.21039177, -0.6204948), Transform3D(-0.7012187, 0, -0.71294624, 0, 1, 0, 0.71294624, 0, -0.7012187, -244.147, 10.673044, -188.4933), 2], [Vector3(-251.13911, 18.11021, -165.18286), Vector3(0.58440083, 0.73579615, 0.34216917), Transform3D(0.30761334, 0, -0.95151144, 0, 1, 0, 0.95151144, 0, 0.30761334, -251.13911, 18.11021, -165.18286), 2], [Vector3(-215.16603, -1.3538389, -153.19719), Vector3(0.53610194, 0.73820263, -0.4094528), Transform3D(0.21932393, 0, 0.9756521, 0, 1, 0, -0.9756521, 0, 0.21932393, -215.16603, -1.3538389, -153.19719), 7], [Vector3(-224.56125, 9.027424, -146.48337), Vector3(0.48380557, 0.7652669, -0.42461607), Transform3D(0.7355256, 0, 0.6774969, 0, 1, 0, -0.6774969, 0, 0.7355256, -224.56125, 9.027424, -146.48337), 7], [Vector3(-230.58597, 9.690123, -146.53613), Vector3(0.17231905, 0.97999555, 0.09957379), Transform3D(-0.6973923, 0, 0.71668965, 0, 1, 0, -0.71668965, 0, -0.6973923, -230.58597, 9.690123, -146.53613), 7], [Vector3(-222.22467, 11.358246, -132.59097), Vector3(0.59226465, 0.6628844, -0.4580468), Transform3D(-0.24074642, 0, -0.9705881, 0, 1, 0, 0.9705881, 0, -0.24074642, -222.22467, 11.358246, -132.59097), 7], [Vector3(-229.2271, 9.442394, -154.27898), Vector3(0.1115613, 0.9808123, 0.15987906), Transform3D(0.653205, 0, 0.7571811, 0, 1, 0, -0.7571811, 0, 0.653205, -229.2271, 9.442394, -154.27898), 7], [Vector3(-210.54298, -1.4920826, -147.19962), Vector3(-0.14361186, 0.9873891, 0.06662227), Transform3D(0.4729905, 0, -0.8810675, 0, 1, 0, 0.8810675, 0, 0.4729905, -210.54298, -1.4920826, -147.19962), 7], [Vector3(-219.70274, 5.64835, -146.48143), Vector3(0.5969649, 0.75587445, -0.26886204), Transform3D(-0.7543433, 0, -0.6564802, 0, 1, 0, 0.6564802, 0, -0.7543433, -219.70274, 5.64835, -146.48143), 7], [Vector3(-226.16199, 13.000928, -139.69621), Vector3(0.098677084, 0.99511844, 0.001454846), Transform3D(-0.5982267, 0, -0.8013269, 0, 1, 0, 0.8013269, 0, -0.5982267, -226.16199, 13.000928, -139.69621), 7], [Vector3(-219.03246, 8.624056, -133.6844), Vector3(0.5693189, 0.737782, -0.3627035), Transform3D(0.44660544, 0, -0.894731, 0, 1, 0, 0.894731, 0, 0.44660544, -219.03246, 8.624056, -133.6844), 7], [Vector3(-216.80333, 2.9684238, -140.98747), Vector3(0.7464104, 0.6518719, -0.13391998), Transform3D(0.27058205, 0, -0.9626969, 0, 1, 0, 0.9626969, 0, 0.27058205, -216.80333, 2.9684238, -140.98747), 7], [Vector3(-210.69983, -0.6087036, -135.13425), Vector3(0.6509252, 0.7053147, -0.2807624), Transform3D(0.15269375, 0, 0.98827356, 0, 1, 0, -0.98827356, 0, 0.15269375, -210.69983, -0.6087036, -135.13425), 7], [Vector3(-236.31923, 16.74397, -133.72623), Vector3(0.08975727, 0.76287425, -0.6402863), Transform3D(-0.18807381, 0, -0.9821549, 0, 1, 0, 0.9821549, 0, -0.18807381, -236.31923, 16.74397, -133.72623), 7]]
max_members = 75
min_leaf_extent = 1.0
is_leaf = true
center_pos = Vector3(-241, -11, -161)
extent = 32.0
bounds = AABB(-273, -43, -193, 64, 64, 64)
max_bounds_to_center_dist = 55.42562584220407
min_bounds_to_center_dist = 32.0
active_LOD_index = 0
metadata/class = "MMIOctreeNode"

[sub_resource type="Resource" id="Resource_k4prm"]
resource_local_to_scene = true
resource_name = "MMIOctreeNode"
script = ExtResource("10_pdyqn")
member_placeforms = [[Vector3(-244.59763, 20.552471, -67.72865), Vector3(0.018195555, 0.89214545, 0.4513818), Transform3D(-0.519726, 0, 0.8543331, 0, 1, 0, -0.8543331, 0, -0.519726, -244.59763, 20.552471, -67.72865), 3], [Vector3(-243.61694, 20.975208, -71.229126), Vector3(0.06528603, 0.99736834, 0.031531107), Transform3D(-0.9599539, 0, 0.28015804, 0, 1, 0, -0.28015804, 0, -0.9599539, -243.61694, 20.975208, -71.229126), 3], [Vector3(-222.36784, 20.926895, -65.99553), Vector3(-0.4407068, 0.5865678, 0.6794967), Transform3D(0.18117495, 0, 0.9834509, 0, 1, 0, -0.9834509, 0, 0.18117495, -222.36784, 20.926895, -65.99553), 7], [Vector3(-221.3845, 19.853508, -107.64582), Vector3(0.11628301, 0.83993423, -0.53008384), Transform3D(-0.6995566, 0, 0.7145772, 0, 1, 0, -0.7145772, 0, -0.6995566, -221.3845, 19.853508, -107.64582), 6], [Vector3(-222.13838, 16.758043, -113.803024), Vector3(0.25033334, 0.8319922, -0.49509823), Transform3D(-0.62952054, 0, 0.77698386, 0, 1, 0, -0.77698386, 0, -0.62952054, -222.13838, 16.758043, -113.803024), 6], [Vector3(-215.25333, 13.505092, -119.38199), Vector3(-0.15928313, 0.8779784, -0.45142317), Transform3D(0.48688555, 0, -0.87346584, 0, 1, 0, 0.87346584, 0, 0.48688555, -215.25333, 13.505092, -119.38199), 6], [Vector3(-211.37761, 6.4129744, -128.44922), Vector3(0.31907675, 0.5762435, -0.7524184), Transform3D(0.98705506, 0, -0.16038176, 0, 1, 0, 0.16038176, 0, 0.98705506, -211.37761, 6.4129744, -128.44922), 6], [Vector3(-226.6496, 17.598305, -118.838), Vector3(0.6087451, 0.67429453, -0.41803873), Transform3D(0.8644978, 0, -0.50263673, 0, 1, 0, 0.50263673, 0, 0.8644978, -226.6496, 17.598305, -118.838), 6], [Vector3(-223.64314, 15.039631, -121.75487), Vector3(0.48344076, 0.85927975, -0.16710284), Transform3D(0.9752743, 0, 0.22099772, 0, 1, 0, -0.22099772, 0, 0.9752743, -223.64314, 15.039631, -121.75487), 6], [Vector3(-213.88646, 15.874536, -115.73186), Vector3(-0.27814332, 0.771601, -0.57207364), Transform3D(0.98726285, 0, 0.15909766, 0, 1, 0, -0.15909766, 0, 0.98726285, -213.88646, 15.874536, -115.73186), 6]]
max_members = 75
min_leaf_extent = 1.0
octant = 1
is_leaf = true
center_pos = Vector3(-241, -11, -97)
extent = 32.0
bounds = AABB(-273, -43, -129, 64, 64, 64)
max_bounds_to_center_dist = 55.42562584220407
min_bounds_to_center_dist = 32.0
active_LOD_index = 0
metadata/class = "MMIOctreeNode"

[sub_resource type="Resource" id="Resource_4f0m8"]
resource_local_to_scene = true
resource_name = "MMIOctreeNode"
script = ExtResource("10_pdyqn")
member_placeforms = [[Vector3(-252.5632, 33.149437, -134.71194), Vector3(0.5733378, 0.590665, -0.5678017), Transform3D(0.8667959, 0, 0.49866313, 0, 1, 0, -0.49866313, 0, 0.8667959, -252.5632, 33.149437, -134.71194), 1], [Vector3(-255.20624, 23.910503, -145.67061), Vector3(0.7934544, 0.4868026, -0.36531273), Transform3D(0.8375939, 0, -0.5462934, 0, 1, 0, 0.5462934, 0, 0.8375939, -255.20624, 23.910503, -145.67061), 1], [Vector3(-253.40034, 28.747116, -139.11104), Vector3(0.65390486, 0.41373947, -0.6334258), Transform3D(-0.7790021, 0, -0.6270214, 0, 1, 0, 0.6270214, 0, -0.7790021, -253.40034, 28.747116, -139.11104), 1], [Vector3(-243.86403, 24.171211, -132.89124), Vector3(0.7539135, 0.6117911, -0.23942897), Transform3D(0.060317047, 0, -0.99817926, 0, 1, 0, 0.99817926, 0, 0.060317047, -243.86403, 24.171211, -132.89124), 1], [Vector3(-255.91127, 23.842442, -169.73206), Vector3(0.7728717, 0.55109483, 0.31458533), Transform3D(0.028917616, 0, -0.9995818, 0, 1, 0, 0.9995818, 0, 0.028917616, -255.91127, 23.842442, -169.73206), 0], [Vector3(-241.55725, 21.831364, -131.22821), Vector3(0.81478703, 0.5499246, -0.18358965), Transform3D(-0.9854004, 0, -0.17025301, 0, 1, 0, 0.17025301, 0, -0.9854004, -241.55725, 21.831364, -131.22821), 1], [Vector3(-251.14873, 24.128027, -179.48332), Vector3(0.7544599, 0.6159746, 0.22663991), Transform3D(0.9983664, 0, 0.05713607, 0, 1, 0, -0.05713607, 0, 0.9983664, -251.14873, 24.128027, -179.48332), 0], [Vector3(-255.58768, 31.578186, -139.41193), Vector3(0.6243498, 0.43407857, -0.649433), Transform3D(0.9540568, 0, 0.29962584, 0, 1, 0, -0.29962584, 0, 0.9540568, -255.58768, 31.578186, -139.41193), 1], [Vector3(-252.54773, 28.690033, -190.80818), Vector3(0.8868509, 0.44552523, -0.12248613), Transform3D(-0.76636165, 0, 0.6424094, 0, 1, 0, -0.6424094, 0, -0.76636165, -252.54773, 28.690033, -190.80818), 0], [Vector3(-255.02643, 23.17871, -157.2144), Vector3(0.7137157, 0.6890446, -0.12580773), Transform3D(0.43607336, 0, -0.8999111, 0, 1, 0, 0.8999111, 0, 0.43607336, -255.02643, 23.17871, -157.2144), 1]]
max_members = 75
min_leaf_extent = 1.0
octant = 2
is_leaf = true
center_pos = Vector3(-241, 53, -161)
extent = 32.0
bounds = AABB(-273, 21, -193, 64, 64, 64)
max_bounds_to_center_dist = 55.42562584220407
min_bounds_to_center_dist = 32.0
active_LOD_index = 0
metadata/class = "MMIOctreeNode"

[sub_resource type="Resource" id="Resource_wgjca"]
resource_local_to_scene = true
resource_name = "MMIOctreeNode"
script = ExtResource("10_pdyqn")
