[gd_scene load_steps=355 format=3 uid="uid://n0kjj88rjuor"]

[ext_resource type="Script" uid="uid://dnrelw0fv4ou8" path="res://addons/zylann.hterrain/hterrain.gd" id="1_fa63b"]
[ext_resource type="Resource" path="res://wendigoTerrainMap/data.hterrain" id="2_1mri4"]
[ext_resource type="Script" uid="uid://bijdjc8imckni" path="res://addons/zylann.hterrain/hterrain_texture_set.gd" id="2_05m3n"]
[ext_resource type="Texture2D" uid="uid://uvty2e4akmu3" path="res://Wendigo Level/wendigo_forest_slot0_albedo_bump.png" id="4_6km8e"]
[ext_resource type="Texture2D" uid="uid://bnc7knvobvmam" path="res://Wendigo Level/wendigo_forest_slot1_albedo_bump.png" id="5_mqwve"]
[ext_resource type="Texture2D" uid="uid://cm5pnnq8bn8o0" path="res://wendigoTerrainMap/ground-SticksLeaves.png" id="6_mqwve"]
[ext_resource type="Texture2D" uid="uid://c88ygew4thkdt" path="res://Wendigo Level/wendigo_forest_slot0_normal_roughness.png" id="6_uaxvo"]
[ext_resource type="Texture2D" uid="uid://d2rnd2qiej447" path="res://Wendigo Level/wendigo_forest_slot1_normal_roughness.png" id="7_b1vwf"]
[ext_resource type="Script" uid="uid://bc7pailucq83t" path="res://addons/dreadpon.spatial_gardener/gardener/gardener.gd" id="9_q4s1m"]
[ext_resource type="Script" uid="uid://dieiojnt518h" path="res://addons/dreadpon.spatial_gardener/arborist/mmi_octree/mmi_octree_node.gd" id="10_pdyqn"]
[ext_resource type="Script" uid="uid://c4s4x5b27vdf6" path="res://addons/dreadpon.spatial_gardener/arborist/mmi_octree/mmi_octree_manager.gd" id="11_qusdq"]
[ext_resource type="Script" uid="uid://d1pavk3gl4atd" path="res://addons/dreadpon.spatial_gardener/arborist/arborist.gd" id="12_np73x"]

[sub_resource type="Resource" id="Resource_1mri4"]
script = ExtResource("2_05m3n")
mode = 0
textures = [[ExtResource("4_6km8e"), ExtResource("5_mqwve"), ExtResource("6_mqwve")], [ExtResource("6_uaxvo"), ExtResource("7_b1vwf"), ExtResource("6_mqwve")]]

[sub_resource type="Resource" id="Resource_q4s1m"]
resource_local_to_scene = true
resource_name = "MMIOctreeNode"
script = ExtResource("10_pdyqn")
max_members = 75
min_leaf_extent = 1.0
is_leaf = true
center_pos = Vector3(-1169, -171, -321)
extent = 512.0
bounds = AABB(-1681, -683, -833, 1024, 1024, 1024)
max_bounds_to_center_dist = 886.8100134752651
min_bounds_to_center_dist = 512.0
active_LOD_index = 0
metadata/class = "MMIOctreeNode"

[sub_resource type="Resource" id="Resource_np73x"]
resource_local_to_scene = true
resource_name = "MMIOctreeNode"
script = ExtResource("10_pdyqn")
max_members = 75
min_leaf_extent = 1.0
octant = 1
is_leaf = true
center_pos = Vector3(-1169, -171, 703)
extent = 512.0
bounds = AABB(-1681, -683, 191, 1024, 1024, 1024)
max_bounds_to_center_dist = 886.8100134752651
min_bounds_to_center_dist = 512.0
active_LOD_index = 0
metadata/class = "MMIOctreeNode"

[sub_resource type="Resource" id="Resource_v22mc"]
resource_local_to_scene = true
resource_name = "MMIOctreeNode"
script = ExtResource("10_pdyqn")
max_members = 75
min_leaf_extent = 1.0
octant = 2
is_leaf = true
center_pos = Vector3(-1169, 853, -321)
extent = 512.0
bounds = AABB(-1681, 341, -833, 1024, 1024, 1024)
max_bounds_to_center_dist = 886.8100134752651
min_bounds_to_center_dist = 512.0
active_LOD_index = 0
metadata/class = "MMIOctreeNode"

[sub_resource type="Resource" id="Resource_5fma2"]
resource_local_to_scene = true
resource_name = "MMIOctreeNode"
script = ExtResource("10_pdyqn")
max_members = 75
min_leaf_extent = 1.0
octant = 3
is_leaf = true
center_pos = Vector3(-1169, 853, 703)
extent = 512.0
bounds = AABB(-1681, 341, 191, 1024, 1024, 1024)
max_bounds_to_center_dist = 886.8100134752651
min_bounds_to_center_dist = 512.0
active_LOD_index = 0
metadata/class = "MMIOctreeNode"

[sub_resource type="Resource" id="Resource_nknua"]
resource_local_to_scene = true
resource_name = "MMIOctreeNode"
script = ExtResource("10_pdyqn")
max_members = 75
min_leaf_extent = 1.0
is_leaf = true
center_pos = Vector3(-401, -427, -577)
extent = 256.0
bounds = AABB(-657, -683, -833, 512, 512, 512)
max_bounds_to_center_dist = 443.40500673763256
min_bounds_to_center_dist = 256.0
active_LOD_index = 0
metadata/class = "MMIOctreeNode"

[sub_resource type="Resource" id="Resource_n1si7"]
resource_local_to_scene = true
resource_name = "MMIOctreeNode"
script = ExtResource("10_pdyqn")
max_members = 75
min_leaf_extent = 1.0
octant = 1
is_leaf = true
center_pos = Vector3(-401, -427, -65)
extent = 256.0
bounds = AABB(-657, -683, -321, 512, 512, 512)
max_bounds_to_center_dist = 443.40500673763256
min_bounds_to_center_dist = 256.0
active_LOD_index = 0
metadata/class = "MMIOctreeNode"

[sub_resource type="Resource" id="Resource_8yfk1"]
resource_local_to_scene = true
resource_name = "MMIOctreeNode"
script = ExtResource("10_pdyqn")
max_members = 75
min_leaf_extent = 1.0
octant = 2
is_leaf = true
center_pos = Vector3(-401, 85, -577)
extent = 256.0
bounds = AABB(-657, -171, -833, 512, 512, 512)
max_bounds_to_center_dist = 443.40500673763256
min_bounds_to_center_dist = 256.0
active_LOD_index = 0
metadata/class = "MMIOctreeNode"

[sub_resource type="Resource" id="Resource_o2n4u"]
resource_local_to_scene = true
resource_name = "MMIOctreeNode"
script = ExtResource("10_pdyqn")
max_members = 75
min_leaf_extent = 1.0
is_leaf = true
center_pos = Vector3(-529, -43, -193)
extent = 128.0
bounds = AABB(-657, -171, -321, 256, 256, 256)
max_bounds_to_center_dist = 221.70250336881628
min_bounds_to_center_dist = 128.0
active_LOD_index = 0
metadata/class = "MMIOctreeNode"

[sub_resource type="Resource" id="Resource_t4o41"]
resource_local_to_scene = true
resource_name = "MMIOctreeNode"
script = ExtResource("10_pdyqn")
max_members = 75
min_leaf_extent = 1.0
octant = 1
is_leaf = true
center_pos = Vector3(-529, -43, 63)
extent = 128.0
bounds = AABB(-657, -171, -65, 256, 256, 256)
max_bounds_to_center_dist = 221.70250336881628
min_bounds_to_center_dist = 128.0
active_LOD_index = 0
metadata/class = "MMIOctreeNode"

[sub_resource type="Resource" id="Resource_lopn4"]
resource_local_to_scene = true
resource_name = "MMIOctreeNode"
script = ExtResource("10_pdyqn")
max_members = 75
min_leaf_extent = 1.0
octant = 2
is_leaf = true
center_pos = Vector3(-529, 213, -193)
extent = 128.0
bounds = AABB(-657, 85, -321, 256, 256, 256)
max_bounds_to_center_dist = 221.70250336881628
min_bounds_to_center_dist = 128.0
active_LOD_index = 0
metadata/class = "MMIOctreeNode"

[sub_resource type="Resource" id="Resource_136gw"]
resource_local_to_scene = true
resource_name = "MMIOctreeNode"
script = ExtResource("10_pdyqn")
max_members = 75
min_leaf_extent = 1.0
octant = 3
is_leaf = true
center_pos = Vector3(-529, 213, 63)
extent = 128.0
bounds = AABB(-657, 85, -65, 256, 256, 256)
max_bounds_to_center_dist = 221.70250336881628
min_bounds_to_center_dist = 128.0
active_LOD_index = 0
metadata/class = "MMIOctreeNode"

[sub_resource type="Resource" id="Resource_g0ukx"]
resource_local_to_scene = true
resource_name = "MMIOctreeNode"
script = ExtResource("10_pdyqn")
max_members = 75
min_leaf_extent = 1.0
is_leaf = true
center_pos = Vector3(-337, -107, -257)
extent = 64.0
bounds = AABB(-401, -171, -321, 128, 128, 128)
max_bounds_to_center_dist = 110.85125168440814
min_bounds_to_center_dist = 64.0
active_LOD_index = 0
metadata/class = "MMIOctreeNode"

[sub_resource type="Resource" id="Resource_qv7kg"]
resource_local_to_scene = true
resource_name = "MMIOctreeNode"
script = ExtResource("10_pdyqn")
max_members = 75
min_leaf_extent = 1.0
octant = 1
is_leaf = true
center_pos = Vector3(-337, -107, -129)
extent = 64.0
bounds = AABB(-401, -171, -193, 128, 128, 128)
max_bounds_to_center_dist = 110.85125168440814
min_bounds_to_center_dist = 64.0
active_LOD_index = 0
metadata/class = "MMIOctreeNode"

[sub_resource type="Resource" id="Resource_jyr7y"]
resource_local_to_scene = true
resource_name = "MMIOctreeNode"
script = ExtResource("10_pdyqn")
max_members = 75
min_leaf_extent = 1.0
octant = 2
is_leaf = true
center_pos = Vector3(-337, 21, -257)
extent = 64.0
bounds = AABB(-401, -43, -321, 128, 128, 128)
max_bounds_to_center_dist = 110.85125168440814
min_bounds_to_center_dist = 64.0
active_LOD_index = 0
metadata/class = "MMIOctreeNode"

[sub_resource type="Resource" id="Resource_uyjqn"]
resource_local_to_scene = true
resource_name = "MMIOctreeNode"
script = ExtResource("10_pdyqn")
max_members = 75
min_leaf_extent = 1.0
octant = 3
is_leaf = true
center_pos = Vector3(-337, 21, -129)
extent = 64.0
bounds = AABB(-401, -43, -193, 128, 128, 128)
max_bounds_to_center_dist = 110.85125168440814
min_bounds_to_center_dist = 64.0
active_LOD_index = 0
metadata/class = "MMIOctreeNode"

[sub_resource type="Resource" id="Resource_75rbe"]
resource_local_to_scene = true
resource_name = "MMIOctreeNode"
script = ExtResource("10_pdyqn")
max_members = 75
min_leaf_extent = 1.0
octant = 4
is_leaf = true
center_pos = Vector3(-209, -107, -257)
extent = 64.0
bounds = AABB(-273, -171, -321, 128, 128, 128)
max_bounds_to_center_dist = 110.85125168440814
min_bounds_to_center_dist = 64.0
active_LOD_index = 0
metadata/class = "MMIOctreeNode"

[sub_resource type="Resource" id="Resource_kbknu"]
resource_local_to_scene = true
resource_name = "MMIOctreeNode"
script = ExtResource("10_pdyqn")
max_members = 75
min_leaf_extent = 1.0
octant = 5
is_leaf = true
center_pos = Vector3(-209, -107, -129)
extent = 64.0
bounds = AABB(-273, -171, -193, 128, 128, 128)
max_bounds_to_center_dist = 110.85125168440814
min_bounds_to_center_dist = 64.0
active_LOD_index = 0
metadata/class = "MMIOctreeNode"

[sub_resource type="Resource" id="Resource_6jnv6"]
resource_local_to_scene = true
resource_name = "MMIOctreeNode"
script = ExtResource("10_pdyqn")
member_placeforms = [[Vector3(-151.40936, 24.469406, -248.62366), Vector3(-0.7376823, 0.57370996, 0.3559239), Transform3D(-0.18243197, 0, -0.9832185, 0, 1, 0, 0.9832185, 0, -0.18243197, -151.40936, 24.469406, -248.62366), 7], [Vector3(-149.40833, 29.673607, -253.22592), Vector3(-0.6875294, 0.5635719, 0.45791936), Transform3D(-0.73133385, 0, 0.68201965, 0, 1, 0, -0.68201965, 0, -0.73133385, -149.40833, 29.673607, -253.22592), 7], [Vector3(-145.7747, 23.785007, -237.16739), Vector3(-0.7402061, 0.54749775, 0.39030913), Transform3D(-0.63603246, 0, -0.7716623, 0, 1, 0, 0.7716623, 0, -0.63603246, -145.7747, 23.785007, -237.16739), 7], [Vector3(-152.03703, 17.747002, -240.63979), Vector3(-0.5578375, 0.73005545, 0.39476115), Transform3D(-0.96889776, 0, 0.24746159, 0, 1, 0, -0.24746159, 0, -0.96889776, -152.03703, 17.747002, -240.63979), 5], [Vector3(-163.24126, 11.665605, -250.66136), Vector3(-0.28089693, 0.6107835, 0.7402975), Transform3D(-0.19063282, 0, 0.98166144, 0, 1, 0, -0.98166144, 0, -0.19063282, -163.24126, 11.665605, -250.66136), 5], [Vector3(-152.4259, 15.491564, -234.50995), Vector3(-0.3386383, 0.78262, 0.5223313), Transform3D(0.9995922, 0, -0.028555715, 0, 1, 0, 0.028555715, 0, 0.9995922, -152.4259, 15.491564, -234.50995), 5], [Vector3(-163.5261, 12.015911, -218.94495), Vector3(0.2835301, 0.86512005, -0.41373667), Transform3D(0.31082383, 0, 0.9504676, 0, 1, 0, -0.9504676, 0, 0.31082383, -163.5261, 12.015911, -218.94495), 5], [Vector3(-165.6061, 7.804571, -239.62782), Vector3(0.23955555, 0.8614687, -0.44775543), Transform3D(0.96186185, 0, -0.2735358, 0, 1, 0, 0.2735358, 0, 0.96186185, -165.6061, 7.804571, -239.62782), 5], [Vector3(-166.30315, 12.882282, -229.66168), Vector3(-0.10685284, 0.9878795, 0.11259032), Transform3D(-0.28259063, 0, -0.9592406, 0, 1, 0, 0.9592406, 0, -0.28259063, -166.30315, 12.882282, -229.66168), 5], [Vector3(-160.11305, 12.7213955, -208.77756), Vector3(-0.42387938, 0.7842085, -0.4531484), Transform3D(0.1861089, 0, -0.98252916, 0, 1, 0, 0.98252916, 0, 0.1861089, -160.11305, 12.7213955, -208.77756), 5], [Vector3(-171.88033, 10.494788, -253.10448), Vector3(-0.38018304, 0.90105855, 0.208697), Transform3D(0.1543231, 0, 0.9880204, 0, 1, 0, -0.9880204, 0, 0.1543231, -171.88033, 10.494788, -253.10448), 5], [Vector3(-174.68369, 13.32541, -232.29102), Vector3(-0.4174867, 0.8826294, -0.21603283), Transform3D(0.588329, 0, 0.80862164, 0, 1, 0, -0.80862164, 0, 0.588329, -174.68369, 13.32541, -232.29102), 5], [Vector3(-153.6517, 11.576672, -215.2687), Vector3(0.15695092, 0.94228065, 0.2957594), Transform3D(0.96227574, 0, -0.27207604, 0, 1, 0, 0.27207604, 0, 0.96227574, -153.6517, 11.576672, -215.2687), 5], [Vector3(-173.39201, 15.562545, -214.67818), Vector3(-0.3193043, 0.86709934, -0.38233954), Transform3D(0.1686401, 0, -0.9856777, 0, 1, 0, 0.9856777, 0, 0.1686401, -173.39201, 15.562545, -214.67818), 5], [Vector3(-157.47063, 11.667297, -240.20448), Vector3(-0.6881618, 0.72097206, 0.081441596), Transform3D(0.7713743, 0, 0.63638175, 0, 1, 0, -0.63638175, 0, 0.7713743, -157.47063, 11.667297, -240.20448), 5], [Vector3(-178.2711, 10.535664, -234.62852), Vector3(-0.51452065, 0.83762455, 0.18344925), Transform3D(0.17344168, 0, -0.98484415, 0, 1, 0, 0.98484415, 0, 0.17344168, -178.2711, 10.535664, -234.62852), 5], [Vector3(-179.44951, 10.542132, -226.12961), Vector3(-0.5364693, 0.6867695, -0.4904574), Transform3D(-0.6715173, 0, -0.74098885, 0, 1, 0, 0.74098885, 0, -0.6715173, -179.44951, 10.542132, -226.12961), 5], [Vector3(-148.46835, 11.935821, -206.5777), Vector3(0.57103086, 0.6818088, -0.45723134), Transform3D(0.31857133, 0, 0.9478989, 0, 1, 0, -0.9478989, 0, 0.31857133, -148.46835, 11.935821, -206.5777), 5], [Vector3(-174.6435, 12.875113, -221.55333), Vector3(-0.07251934, 0.9162464, -0.39399672), Transform3D(0.79823524, 0, -0.6023458, 0, 1, 0, 0.6023458, 0, 0.79823524, -174.6435, 12.875113, -221.55333), 5], [Vector3(-180.44814, 9.990755, -248.9152), Vector3(-0.06277277, 0.92847, -0.36606428), Transform3D(0.12022174, 0, 0.99274707, 0, 1, 0, -0.99274707, 0, 0.12022174, -180.44814, 9.990755, -248.9152), 5], [Vector3(-154.83235, 12.37833, -212.60516), Vector3(-0.0967885, 0.7654662, -0.63615525), Transform3D(-0.8246764, 0, 0.56560487, 0, 1, 0, -0.56560487, 0, -0.8246764, -154.83235, 12.37833, -212.60516), 5], [Vector3(-183.74922, 8.714672, -238.53645), Vector3(-0.53051883, 0.8240749, 0.19862106), Transform3D(0.38162136, 0, -0.9243188, 0, 1, 0, 0.9243188, 0, 0.38162136, -183.74922, 8.714672, -238.53645), 5], [Vector3(-166.75946, 9.841037, -237.0484), Vector3(0.50564706, 0.7718007, -0.38554484), Transform3D(-0.9870572, 0, 0.16036856, 0, 1, 0, -0.16036856, 0, -0.9870572, -166.75946, 9.841037, -237.0484), 5], [Vector3(-184.76741, 7.686804, -214.42065), Vector3(-0.64101875, 0.75310093, 0.14810127), Transform3D(0.91549575, 0, 0.4023276, 0, 1, 0, -0.4023276, 0, 0.91549575, -184.76741, 7.686804, -214.42065), 5], [Vector3(-152.27089, 14.291723, -228.27858), Vector3(0.049428616, 0.99360967, 0.10147255), Transform3D(0.550895, 0, -0.83457464, 0, 1, 0, 0.83457464, 0, 0.550895, -152.27089, 14.291723, -228.27858), 5], [Vector3(-173.25043, 11.291645, -248.78221), Vector3(0.23967709, 0.9482651, -0.20820259), Transform3D(-0.99386847, 0, -0.11056874, 0, 1, 0, 0.11056874, 0, -0.99386847, -173.25043, 11.291645, -248.78221), 5], [Vector3(-193.86546, 11.191685, -245.94295), Vector3(0.23162614, 0.69208914, 0.6836388), Transform3D(0.99965614, 0, 0.02622295, 0, 1, 0, -0.02622295, 0, 0.99965614, -193.86546, 11.191685, -245.94295), 5], [Vector3(-191.68922, 14.522487, -254.48938), Vector3(0.55259615, 0.83335835, 0.012304358), Transform3D(-0.81643486, 0, 0.5774375, 0, 1, 0, -0.5774375, 0, -0.81643486, -191.68922, 14.522487, -254.48938), 5], [Vector3(-153.9185, 11.95243, -216.28337), Vector3(0.14031497, 0.94382447, 0.2991774), Transform3D(0.92243975, 0, -0.38614103, 0, 1, 0, 0.38614103, 0, 0.92243975, -153.9185, 11.95243, -216.28337), 5], [Vector3(-196.90317, 1.634367, -233.0635), Vector3(0.24622978, 0.96125126, 0.12396355), Transform3D(0.9497181, 0, -0.31310636, 0, 1, 0, 0.31310633, 0, 0.9497181, -196.90317, 1.634367, -233.0635), 5], [Vector3(-192.92044, 4.2917023, -226.39508), Vector3(-0.46692714, 0.79645765, -0.3842322), Transform3D(0.032035515, 0, -0.99948674, 0, 1, 0, 0.99948674, 0, 0.032035515, -192.92044, 4.2917023, -226.39508), 5], [Vector3(-156.55971, 11.978379, -217.8108), Vector3(-0.4081913, 0.8451269, 0.34516722), Transform3D(0.9435837, 0, 0.33113414, 0, 1, 0, -0.33113414, 0, 0.9435837, -156.55971, 11.978379, -217.8108), 5], [Vector3(-184.99007, 6.188797, -229.80606), Vector3(-0.46548405, 0.8567451, 0.22206433), Transform3D(0.50788265, 0, 0.8614263, 0, 1, 0, -0.8614263, 0, 0.50788265, -184.99007, 6.188797, -229.80606), 5]]
max_members = 75
min_leaf_extent = 1.0
octant = 6
is_leaf = true
center_pos = Vector3(-209, 21, -257)
extent = 64.0
bounds = AABB(-273, -43, -321, 128, 128, 128)
max_bounds_to_center_dist = 110.85125168440814
min_bounds_to_center_dist = 64.0
active_LOD_index = 0
metadata/class = "MMIOctreeNode"

[sub_resource type="Resource" id="Resource_cx7th"]
resource_local_to_scene = true
resource_name = "MMIOctreeNode"
script = ExtResource("10_pdyqn")
member_placeforms = [[Vector3(-222.2181, 6.330736, -148.40396), Vector3(0.51266026, 0.7245119, -0.4607189), Transform3D(-0.21257716, 0, 0.9771443, 0, 1, 0, -0.9771443, 0, -0.21257716, -222.2181, 6.330736, -148.40396), 7], [Vector3(-227.93478, 9.991428, -147.16754), Vector3(0.02460877, 0.9056953, -0.42321452), Transform3D(0.7879083, 0, 0.6157926, 0, 1, 0, -0.6157926, 0, 0.7879083, -227.93478, 9.991428, -147.16754), 7], [Vector3(-239.53542, 10.715321, -147.12057), Vector3(0.6869563, 0.724935, 0.050600737), Transform3D(0.77074015, 0, 0.6371497, 0, 1, 0, -0.6371497, 0, 0.77074015, -239.53542, 10.715321, -147.12057), 7], [Vector3(-247.55281, 16.517017, -148.5367), Vector3(0.48746708, 0.7849455, -0.3824088), Transform3D(-0.43800682, 0, 0.8989716, 0, 1, 0, -0.8989716, 0, -0.43800682, -247.55281, 16.517017, -148.5367), 3], [Vector3(-219.34778, 6.0996094, -140.24327), Vector3(0.6986177, 0.6765259, -0.23290804), Transform3D(-0.97144717, 0, -0.23725608, 0, 1, 0, 0.23725608, 0, -0.97144717, -219.34778, 6.0996094, -140.24327), 7], [Vector3(-226.04468, 13.161771, -138.05714), Vector3(0.23068517, 0.9580864, -0.16986732), Transform3D(-0.7039514, 0, 0.7102482, 0, 1, 0, -0.7102482, 0, -0.7039514, -226.04468, 13.161771, -138.05714), 7], [Vector3(-236.5669, 13.627136, -139.38849), Vector3(-0.24955237, 0.9557075, -0.15603472), Transform3D(0.2582928, 0, -0.9660667, 0, 1, 0, 0.9660667, 0, 0.2582928, -236.5669, 13.627136, -139.38849), 7], [Vector3(-221.86421, 11.418604, -132.0739), Vector3(0.61770314, 0.72384244, -0.30740055), Transform3D(-0.30993912, 0, -0.95075643, 0, 1, 0, 0.95075643, 0, -0.30993912, -221.86421, 11.418604, -132.0739), 7], [Vector3(-229.08662, 16.732603, -131.11876), Vector3(-0.00617121, 0.8676566, -0.4971258), Transform3D(-0.30443054, 0, 0.95253456, 0, 1, 0, -0.95253456, 0, -0.30443054, -229.08662, 16.732603, -131.11876), 7], [Vector3(-248.12126, 18.197498, -141.87267), Vector3(0.7049845, 0.54683554, -0.45162788), Transform3D(0.70283854, 0, 0.7113494, 0, 1, 0, -0.7113494, 0, 0.70283854, -248.12126, 18.197498, -141.87267), 3], [Vector3(-235.32974, 15.1293125, -136.37894), Vector3(-0.07761632, 0.94085306, -0.329805), Transform3D(0.048496336, 0, 0.9988234, 0, 1, 0, -0.9988234, 0, 0.048496336, -235.32974, 15.1293125, -136.37894), 7], [Vector3(-249.53687, 18.38676, -146.22911), Vector3(0.6298686, 0.77475363, 0.054975815), Transform3D(0.78117985, 0, -0.6243061, 0, 1, 0, 0.6243061, 0, 0.78117985, -249.53687, 18.38676, -146.22911), 3]]
max_members = 75
min_leaf_extent = 1.0
is_leaf = true
center_pos = Vector3(-241, -11, -161)
extent = 32.0
bounds = AABB(-273, -43, -193, 64, 64, 64)
max_bounds_to_center_dist = 55.42562584220407
min_bounds_to_center_dist = 32.0
active_LOD_index = 0
metadata/class = "MMIOctreeNode"

[sub_resource type="Resource" id="Resource_ly1ea"]
resource_local_to_scene = true
resource_name = "MMIOctreeNode"
script = ExtResource("10_pdyqn")
member_placeforms = [[Vector3(-235.76025, 19.689194, -128.71753), Vector3(0.08698944, 0.6473284, -0.757231), Transform3D(0.61490554, 0, -0.78860074, 0, 1, 0, 0.78860074, 0, 0.61490554, -235.76025, 19.689194, -128.71753), 6], [Vector3(-217.54549, 12.6522455, -121.49789), Vector3(0.21551733, 0.917491, -0.33430916), Transform3D(0.42555416, 0, -0.904933, 0, 1, 0, 0.904933, 0, 0.42555416, -217.54549, 12.6522455, -121.49789), 6], [Vector3(-225.00511, 16.294382, -119.12931), Vector3(0.47499812, 0.82819796, -0.29743066), Transform3D(0.3247224, 0, 0.94580936, 0, 1, 0, -0.94580936, 0, 0.3247224, -225.00511, 16.294382, -119.12931), 6], [Vector3(-212.84337, 19.641756, -110.58036), Vector3(-0.41192162, 0.6550267, -0.6334514), Transform3D(0.10648686, 0, -0.99431413, 0, 1, 0, 0.99431413, 0, 0.10648686, -212.84337, 19.641756, -110.58036), 6], [Vector3(-221.23544, 19.316513, -109.05488), Vector3(0.13816853, 0.91916233, -0.36884972), Transform3D(0.9952124, 0, 0.09773616, 0, 1, 0, -0.09773616, 0, 0.9952124, -221.23544, 19.316513, -109.05488), 6], [Vector3(-232.56172, 19.569427, -67.16875), Vector3(-0.30735934, 0.8191416, 0.48429048), Transform3D(0.827585, 0, 0.56134045, 0, 1, 0, -0.56134045, 0, 0.827585, -232.56172, 19.569427, -67.16875), 7], [Vector3(-247.6688, 20.842022, -68.293205), Vector3(0.11487481, 0.94314706, 0.31189328), Transform3D(-0.94968647, 0, 0.31320217, 0, 1, 0, -0.31320217, 0, -0.94968647, -247.6688, 20.842022, -68.293205), 3], [Vector3(-224.50363, 19.731966, -65.45771), Vector3(0.12949789, 0.6679935, 0.7328131), Transform3D(0.0034248007, 0, -0.99999416, 0, 1, 0, 0.99999416, 0, 0.0034248007, -224.50363, 19.731966, -65.45771), 7]]
max_members = 75
min_leaf_extent = 1.0
octant = 1
is_leaf = true
center_pos = Vector3(-241, -11, -97)
extent = 32.0
bounds = AABB(-273, -43, -129, 64, 64, 64)
max_bounds_to_center_dist = 55.42562584220407
min_bounds_to_center_dist = 32.0
active_LOD_index = 0
metadata/class = "MMIOctreeNode"

[sub_resource type="Resource" id="Resource_k4prm"]
resource_local_to_scene = true
resource_name = "MMIOctreeNode"
script = ExtResource("10_pdyqn")
member_placeforms = [[Vector3(-254.60054, 22.454155, -151.73698), Vector3(0.8069354, 0.54747194, 0.22165236), Transform3D(-0.27892286, 0, 0.96031356, 0, 1, 0, -0.96031356, 0, -0.27892286, -254.60054, 22.454155, -151.73698), 1], [Vector3(-249.64856, 23.166252, -139.40144), Vector3(0.6439572, 0.45546457, -0.6147123), Transform3D(-0.49726853, 0, -0.86759675, 0, 1, 0, 0.86759675, 0, -0.49726853, -249.64856, 23.166252, -139.40144), 1], [Vector3(-253.07918, 26.938286, -139.96075), Vector3(0.650205, 0.4137654, -0.6372062), Transform3D(0.88862026, 0, 0.45864365, 0, 1, 0, -0.45864365, 0, 0.88862026, -253.07918, 26.938286, -139.96075), 1], [Vector3(-245.48976, 25.33763, -134.0682), Vector3(0.6399481, 0.44065526, -0.62951523), Transform3D(0.99995524, 0, -0.009462128, 0, 1, 0, 0.009462128, 0, 0.99995524, -245.48976, 25.33763, -134.0682), 1], [Vector3(-250.46304, 32.11152, -133.928), Vector3(0.6051024, 0.5977701, -0.52585363), Transform3D(-0.0659085, 0, -0.9978257, 0, 1, 0, 0.9978257, 0, -0.0659085, -250.46304, 32.11152, -133.928), 1], [Vector3(-255.35771, 36.685303, -133.72037), Vector3(0.6839886, 0.5998478, -0.41514125), Transform3D(-0.5718312, 0, 0.8203713, 0, 1, 0, -0.8203713, 0, -0.5718312, -255.35771, 36.685303, -133.72037), 1], [Vector3(-253.72377, 33.94577, -135.07245), Vector3(0.5295199, 0.5150781, -0.6740202), Transform3D(-0.26857832, 0, 0.96325785, 0, 1, 0, -0.96325785, 0, -0.26857832, -253.72377, 33.94577, -135.07245), 1], [Vector3(-244.39024, 26.700314, -129.31543), Vector3(0.7159584, 0.50707984, -0.47986832), Transform3D(-0.9182151, 0, -0.3960821, 0, 1, 0, 0.3960821, 0, -0.9182151, -244.39024, 26.700314, -129.31543), 1]]
max_members = 75
min_leaf_extent = 1.0
octant = 2
is_leaf = true
center_pos = Vector3(-241, 53, -161)
extent = 32.0
bounds = AABB(-273, 21, -193, 64, 64, 64)
max_bounds_to_center_dist = 55.42562584220407
min_bounds_to_center_dist = 32.0
active_LOD_index = 0
metadata/class = "MMIOctreeNode"

[sub_resource type="Resource" id="Resource_4f0m8"]
resource_local_to_scene = true
resource_name = "MMIOctreeNode"
script = ExtResource("10_pdyqn")
member_placeforms = [[Vector3(-233.94002, 23.612873, -123.11477), Vector3(0.5641641, 0.6037909, -0.56316566), Transform3D(-0.90104806, 0, -0.43371922, 0, 1, 0, 0.43371922, 0, -0.90104806, -233.94002, 23.612873, -123.11477), 4], [Vector3(-244.7185, 32.575935, -122.09718), Vector3(0.40137917, 0.8160698, -0.41584244), Transform3D(-0.5097944, 0, 0.86029625, 0, 1, 0, -0.86029625, 0, -0.5097944, -244.7185, 32.575935, -122.09718), 0], [Vector3(-252.54164, 39.947807, -123.91235), Vector3(0.7793879, 0.5914078, -0.20686096), Transform3D(0.99470884, 0, -0.1027341, 0, 1, 0, 0.1027341, 0, 0.99470884, -252.54164, 39.947807, -123.91235), 0], [Vector3(-227.40685, 24.311344, -110.89735), Vector3(0.73225933, 0.6387933, -0.23609209), Transform3D(-0.69689673, 0, -0.7171715, 0, 1, 0, 0.7171715, 0, -0.69689673, -227.40685, 24.311344, -110.89735), 4], [Vector3(-232.55402, 28.140274, -114.17348), Vector3(0.5404573, 0.7412342, -0.39809272), Transform3D(0.9089067, 0, 0.41699952, 0, 1, 0, -0.41699952, 0, 0.9089067, -232.55402, 28.140274, -114.17348), 4], [Vector3(-241.4173, 37.139523, -112.68184), Vector3(0.4342987, 0.89452434, 0.10588148), Transform3D(0.82802194, 0, -0.56069565, 0, 1, 0, 0.56069565, 0, 0.82802194, -241.4173, 37.139523, -112.68184), 0], [Vector3(-249.19226, 39.28932, -115.61792), Vector3(0.6634109, 0.7468144, -0.046413805), Transform3D(0.9992719, 0, -0.038152643, 0, 1, 0, 0.038152643, 0, 0.9992719, -249.19226, 39.28932, -115.61792), 0], [Vector3(-239.00507, 28.889288, -122.910324), Vector3(0.43839124, 0.5042137, -0.7440308), Transform3D(-0.34525, 0, 0.9385108, 0, 1, 0, -0.9385108, 0, -0.34525, -239.00507, 28.889288, -122.910324), 4], [Vector3(-225.4592, 21.906288, -110.23763), Vector3(0.7676956, 0.56906044, -0.29464176), Transform3D(0.9918823, 0, 0.12715906, 0, 1, 0, -0.12715906, 0, 0.9918823, -225.4592, 21.906288, -110.23763), 4], [Vector3(-253.72273, 43.388676, -119.22691), Vector3(0.77556616, 0.5614174, -0.28863063), Transform3D(-0.7466962, 0, 0.66516525, 0, 1, 0, -0.66516525, 0, -0.7466962, -253.72273, 43.388676, -119.22691), 0], [Vector3(-229.33786, 21.321415, -119.37159), Vector3(0.78973764, 0.55008996, -0.27150598), Transform3D(0.12711556, 0, 0.9918879, 0, 1, 0, -0.9918879, 0, 0.12711556, -229.33786, 21.321415, -119.37159), 4], [Vector3(-248.20619, 33.4692, -94.4606), Vector3(0.6196671, 0.75317264, 0.2207796), Transform3D(0.6763512, 0, 0.7365793, 0, 1, 0, -0.7365793, 0, 0.6763512, -248.20619, 33.4692, -94.4606), 1], [Vector3(-243.33699, 35.56078, -107.07125), Vector3(0.5754631, 0.7048307, 0.41479623), Transform3D(0.9941429, 0, 0.108073846, 0, 1, 0, -0.108073846, 0, 0.9941429, -243.33699, 35.56078, -107.07125), 0], [Vector3(-225.83861, 23.780722, -106.45045), Vector3(0.5631121, 0.6531138, -0.5063075), Transform3D(0.64027876, 0, 0.76814264, 0, 1, 0, -0.76814264, 0, 0.64027876, -225.83861, 23.780722, -106.45045), 4], [Vector3(-252.95772, 40.10481, -102.71021), Vector3(0.6869449, 0.71486384, 0.13067731), Transform3D(0.638758, 0, -0.7694077, 0, 1, 0, 0.7694077, 0, 0.638758, -252.95772, 40.10481, -102.71021), 0], [Vector3(-249.6425, 34.387337, -128.42108), Vector3(0.72496337, 0.6191917, -0.3017114), Transform3D(-0.76195467, 0, 0.6476304, 0, 1, 0, -0.6476304, 0, -0.76195467, -249.6425, 34.387337, -128.42108), 0], [Vector3(-227.79951, 25.560652, -100.50026), Vector3(0.31808594, 0.8610391, 0.39677846), Transform3D(-0.9170756, 0, 0.3987134, 0, 1, 0, -0.3987134, 0, -0.9170756, -227.79951, 25.560652, -100.50026), 4], [Vector3(-239.17764, 30.616596, -99.69118), Vector3(0.6526043, 0.7565647, 0.041443896), Transform3D(0.5176911, 0, 0.85556763, 0, 1, 0, -0.85556763, 0, 0.5176911, -239.17764, 30.616596, -99.69118), 4], [Vector3(-238.32219, 30.034164, -90.6143), Vector3(0.22246423, 0.88247114, -0.41443262), Transform3D(0.36209357, 0, -0.9321418, 0, 1, 0, 0.9321418, 0, 0.36209357, -238.32219, 30.034164, -90.6143), 5], [Vector3(-248.47275, 33.37045, -127.88191), Vector3(0.6966203, 0.58525515, -0.41496578), Transform3D(-0.63137335, 0, -0.775479, 0, 1, 0, 0.775479, 0, -0.63137335, -248.47275, 33.37045, -127.88191), 0], [Vector3(-233.91937, 28.95975, -91.603424), Vector3(0.08535072, 0.7892684, -0.6080878), Transform3D(0.31011963, 0, -0.95069754, 0, 1, 0, 0.95069754, 0, 0.31011963, -233.91937, 28.95975, -91.603424), 5], [Vector3(-230.96396, 29.345966, -84.623604), Vector3(0.06596433, 0.9073912, 0.41507825), Transform3D(0.6701283, 0, 0.7422453, 0, 1, 0, -0.7422453, 0, 0.6701283, -230.96396, 29.345966, -84.623604), 5], [Vector3(-212.84361, 32.55508, -95.29826), Vector3(-0.44657832, 0.63293767, -0.63242215), Transform3D(-0.775605, 0, -0.63121855, 0, 1, 0, 0.63121855, 0, -0.775605, -212.84361, 32.55508, -95.29826), 5], [Vector3(-225.70113, 27.090578, -91.5009), Vector3(0.35894972, 0.7652768, -0.5343281), Transform3D(0.99776274, 0, -0.06685456, 0, 1, 0, 0.06685456, 0, 0.99776274, -225.70113, 27.090578, -91.5009), 5], [Vector3(-245.46144, 28.911098, -81.92438), Vector3(-0.09201319, 0.6844112, 0.7232668), Transform3D(0.9943959, 0, -0.10572063, 0, 1, 0, 0.10572063, 0, 0.9943959, -245.46144, 28.911098, -81.92438), 1], [Vector3(-234.91652, 24.960623, -77.583725), Vector3(-0.17221779, 0.88925815, 0.42374638), Transform3D(0.5062812, 0, 0.86236846, 0, 1, 0, -0.86236846, 0, 0.5062812, -234.91652, 24.960623, -77.583725), 5], [Vector3(-255.0278, 41.059742, -97.640015), Vector3(0.63296336, 0.70363736, 0.32288072), Transform3D(-0.6431069, 0, -0.76577646, 0, 1, 0, 0.76577646, 0, -0.6431069, -255.0278, 41.059742, -97.640015), 0], [Vector3(-238.62256, 32.550133, -106.84308), Vector3(0.54067296, 0.6363126, 0.5502537), Transform3D(-0.5948197, 0, 0.8038591, 0, 1, 0, -0.8038591, 0, -0.5948197, -238.62256, 32.550133, -106.84308), 4], [Vector3(-236.26266, 28.764471, -83.13254), Vector3(-0.085885115, 0.8513781, 0.5174737), Transform3D(-0.9050897, 0, -0.42522073, 0, 1, 0, 0.42522073, 0, -0.9050897, -236.26266, 28.764471, -83.13254), 5], [Vector3(-237.85098, 34.846096, -114.02483), Vector3(0.79861397, 0.5992285, 0.05604509), Transform3D(0.2252689, 0, -0.9742966, 0, 1, 0, 0.9742966, 0, 0.2252689, -237.85098, 34.846096, -114.02483), 4], [Vector3(-243.00114, 22.791946, -75.38814), Vector3(0.083420806, 0.60624766, 0.7908886), Transform3D(0.9031424, 0, -0.42934117, 0, 1, 0, 0.42934117, 0, 0.9031424, -243.00114, 22.791946, -75.38814), 1], [Vector3(-253.12366, 29.840117, -84.14745), Vector3(0.6720812, 0.60654545, 0.42474657), Transform3D(0.057465635, 0, -0.9983475, 0, 1, 0, 0.9983475, 0, 0.057465635, -253.12366, 29.840117, -84.14745), 1], [Vector3(-220.15616, 30.11133, -86.76468), Vector3(0.19251737, 0.9240721, -0.3301937), Transform3D(-0.5501578, 0, -0.8350607, 0, 1, 0, 0.8350607, 0, -0.5501578, -220.15616, 30.11133, -86.76468), 5], [Vector3(-218.64484, 31.31304, -74.40903), Vector3(-0.6023638, 0.60753083, 0.5177491), Transform3D(0.87162983, 0, -0.4901647, 0, 1, 0, 0.4901647, 0, 0.87162983, -218.64484, 31.31304, -74.40903), 5], [Vector3(-248.86311, 26.404814, -79.31876), Vector3(0.13959481, 0.78091234, 0.60884255), Transform3D(0.080298826, 0, -0.99677086, 0, 1, 0, 0.99677086, 0, 0.080298826, -248.86311, 26.404814, -79.31876), 1], [Vector3(-220.8081, 26.157194, -96.53414), Vector3(-0.5189643, 0.84530234, -0.12704332), Transform3D(-0.83241135, 0, 0.5541582, 0, 1, 0, -0.5541582, 0, -0.83241135, -220.8081, 26.157194, -96.53414), 5], [Vector3(-255.72209, 24.623577, -68.94759), Vector3(0.5592547, 0.8289433, -0.009345787), Transform3D(0.34098014, 0, -0.9400705, 0, 1, 0, 0.9400705, 0, 0.34098014, -255.72209, 24.623577, -68.94759), 1], [Vector3(-226.22273, 24.845219, -72.07319), Vector3(-0.20819144, 0.8220536, 0.5299851), Transform3D(0.21559274, 0, 0.9764834, 0, 1, 0, -0.9764834, 0, 0.21559274, -226.22273, 24.845219, -72.07319), 5], [Vector3(-226.9852, 27.910645, -78.09429), Vector3(-0.6296404, 0.7438041, 0.22429548), Transform3D(-0.7411484, 0, 0.67134124, 0, 1, 0, -0.67134124, 0, -0.7411484, -226.9852, 27.910645, -78.09429), 5], [Vector3(-231.02698, 25.258163, -95.94031), Vector3(0.17581609, 0.8540639, -0.48955452), Transform3D(0.7262434, 0, -0.6874377, 0, 1, 0, 0.6874377, 0, 0.7262434, -231.02698, 25.258163, -95.94031), 5], [Vector3(-226.11565, 29.600895, -86.965996), Vector3(-0.088795416, 0.920884, -0.37958926), Transform3D(-0.9588485, 0, -0.2839185, 0, 1, 0, 0.2839185, 0, -0.9588485, -226.11565, 29.600895, -86.965996), 5]]
max_members = 75
min_leaf_extent = 1.0
octant = 3
is_leaf = true
center_pos = Vector3(-241, 53, -97)
extent = 32.0
bounds = AABB(-273, 21, -129, 64, 64, 64)
max_bounds_to_center_dist = 55.42562584220407
min_bounds_to_center_dist = 32.0
active_LOD_index = 0
metadata/class = "MMIOctreeNode"

[sub_resource type="Resource" id="Resource_wgjca"]
resource_local_to_scene = true
resource_name = "MMIOctreeNode"
script = ExtResource("10_pdyqn")
member_placeforms = [[Vector3(-193.84552, -5.722046e-06, -132.60446), Vector3(-3.537404e-06, 1, 3.969171e-06), Transform3D(0.8444197, 0, -0.53568214, 0, 1, 0, 0.53568214, 0, 0.8444197, -193.84552, -5.722046e-06, -132.60446), 3], [Vector3(-183.61235, 0, -134.47603), Vector3(-1.0989184e-20, 1, 1.684545e-19), Transform3D(-0.20619166, 0, -0.97851163, 0, 1, 0, 0.97851163, 0, -0.20619166, -183.61235, 0, -134.47603), 3], [Vector3(-172.97256, 0, -134.86285), Vector3(-1.5997599e-11, 1, -6.258786e-13), Transform3D(-0.14315873, 0, -0.9896998, 0, 1, 0, 0.9896998, 0, -0.14315873, -172.97256, 0, -134.86285), 7], [Vector3(-165.76903, 2.0980835e-05, -134.06477), Vector3(-3.7302972e-05, 1, -1.2205564e-06), Transform3D(0.4806208, 0, 0.8769285, 0, 1, 0, -0.8769285, 0, 0.4806208, -165.76903, 2.0980835e-05, -134.06477), 7], [Vector3(-158.01454, 0.011943817, -131.4055), Vector3(-0.0038976707, 0.99999213, 0.0007113479), Transform3D(0.84206337, 0, 0.5393786, 0, 1, 0, -0.5393786, 0, 0.84206337, -158.01454, 0.011943817, -131.4055), 7], [Vector3(-194.88448, -4.0650368e-05, -131.38756), Vector3(-3.209083e-05, 1, 6.9710113e-06), Transform3D(0.75043756, 0, -0.66094136, 0, 1, 0, 0.66094136, 0, 0.75043756, -194.88448, -4.0650368e-05, -131.38756), 3], [Vector3(-194.74864, 2.2172928e-05, -130.19395), Vector3(3.2979602e-05, 1, -1.2317254e-05), Transform3D(-0.32585174, 0, -0.9454209, 0, 1, 0, 0.9454209, 0, -0.32585174, -194.74864, 2.2172928e-05, -130.19395), 3], [Vector3(-153.20107, 0.013460159, -131.91736), Vector3(0.0031383627, 0.9999929, -0.002099328), Transform3D(-0.98984253, 0, 0.14216831, 0, 1, 0, -0.1421683, 0, -0.98984253, -153.20107, 0.013460159, -131.91736), 7], [Vector3(-178.95714, 0, -129.17317), Vector3(-1.3807974e-17, 1, -1.7842026e-16), Transform3D(0.29238337, 0, -0.9563012, 0, 1, 0, 0.9563012, 0, 0.29238337, -178.95714, 0, -129.17317), 3]]
max_members = 75
min_leaf_extent = 1.0
octant = 4
is_leaf = true
center_pos = Vector3(-177, -11, -161)
extent = 32.0
bounds = AABB(-209, -43, -193, 64, 64, 64)
max_bounds_to_center_dist = 55.42562584220407
min_bounds_to_center_dist = 32.0
active_LOD_index = 0
metadata/class = "MMIOctreeNode"

[sub_resource type="Resource" id="Resource_bhjje"]
resource_local_to_scene = true
resource_name = "MMIOctreeNode"
script = ExtResource("10_pdyqn")
