[gd_scene load_steps=554 format=3 uid="uid://n0kjj88rjuor"]

[ext_resource type="Script" uid="uid://jr758b7mswc4" path="res://addons/zylann.hterrain/hterrain.gd" id="1_fa63b"]
[ext_resource type="Script" uid="uid://boa8j2t61mjlg" path="res://wendigoTerrainMap/wendigo_forest.gd" id="1_qv7kg"]
[ext_resource type="Resource" uid="uid://kswptg5hojwh" path="res://wendigoTerrainMap/data.hterrain" id="2_1mri4"]
[ext_resource type="Script" uid="uid://din4ijkbxdti4" path="res://addons/zylann.hterrain/hterrain_texture_set.gd" id="2_05m3n"]
[ext_resource type="Texture2D" uid="uid://uvty2e4akmu3" path="res://Wendigo Level/wendigo_forest_slot0_albedo_bump.png" id="4_6km8e"]
[ext_resource type="Texture2D" uid="uid://bnc7knvobvmam" path="res://Wendigo Level/wendigo_forest_slot1_albedo_bump.png" id="5_mqwve"]
[ext_resource type="Texture2D" uid="uid://cm5pnnq8bn8o0" path="res://wendigoTerrainMap/ground-SticksLeaves.png" id="6_mqwve"]
[ext_resource type="Texture2D" uid="uid://c88ygew4thkdt" path="res://Wendigo Level/wendigo_forest_slot0_normal_roughness.png" id="6_uaxvo"]
[ext_resource type="Texture2D" uid="uid://d2rnd2qiej447" path="res://Wendigo Level/wendigo_forest_slot1_normal_roughness.png" id="7_b1vwf"]
[ext_resource type="PackedScene" uid="uid://x3pdcme5x3sw" path="res://globalScenes/zwendigo.tscn" id="9_g0ukx"]
[ext_resource type="Script" uid="uid://bc7pailucq83t" path="res://addons/dreadpon.spatial_gardener/gardener/gardener.gd" id="9_q4s1m"]
[ext_resource type="Script" uid="uid://dieiojnt518h" path="res://addons/dreadpon.spatial_gardener/arborist/mmi_octree/mmi_octree_node.gd" id="10_pdyqn"]
[ext_resource type="Script" uid="uid://c4s4x5b27vdf6" path="res://addons/dreadpon.spatial_gardener/arborist/mmi_octree/mmi_octree_manager.gd" id="11_qusdq"]
[ext_resource type="Script" uid="uid://d1pavk3gl4atd" path="res://addons/dreadpon.spatial_gardener/arborist/arborist.gd" id="12_np73x"]
[ext_resource type="PackedScene" uid="uid://dbali5u4o76qd" path="res://Wendigo Level/WendigoCharacter/wendigoAi.tscn" id="13_pdyqn"]
[ext_resource type="Texture2D" uid="uid://bdnei7nra2707" path="res://Assets/Materials/ProgressUnder.png" id="15_136gw"]
[ext_resource type="Texture2D" uid="uid://3omsqjf7hpnp" path="res://Assets/Materials/ProgressBar.png" id="16_g0ukx"]
[ext_resource type="Texture2D" uid="uid://booo2f3co4624" path="res://Assets/Materials/spa-homepage-greybox.png" id="17_qv7kg"]
[ext_resource type="Script" uid="uid://1murb5rpgnye" path="res://globalScenes/dialog.gd" id="18_jyr7y"]
[ext_resource type="Script" uid="uid://86qm0b5ja6rq" path="res://globalScenes/pause_menu.gd" id="19_uyjqn"]
[ext_resource type="FontFile" uid="uid://bmtr4hnwlwqdp" path="res://Assets/Materials/StartScreenAssets/BungeeFont/BungeeTint-Regular.ttf" id="20_75rbe"]
[ext_resource type="AudioStream" uid="uid://dcxd3btis03eu" path="res://Assets/SFX/buttonPressNoise.wav" id="21_kbknu"]
[ext_resource type="FontFile" uid="uid://cx705ekmev8os" path="res://Assets/Jersey20-Regular.ttf" id="22_6jnv6"]
[ext_resource type="Script" uid="uid://bxfbjtc5mwqms" path="res://globalScenes/plusCounter.gd" id="23_cx7th"]
[ext_resource type="Texture2D" uid="uid://6664beu66w00" path="res://Assets/Materials/StartScreenAssets/MothmanPNG.png" id="24_ly1ea"]
[ext_resource type="Script" uid="uid://dokwmdfno0kqh" path="res://globalScenes/sun.gd" id="25_g0ukx"]
[ext_resource type="PackedScene" uid="uid://2smdak6wypwq" path="res://minimap.tscn" id="26_75rbe"]
[ext_resource type="PackedScene" uid="uid://bsw1nm5f7u7rj" path="res://Wendigo Level/WendigoCharacter/sketchfab_scene.tscn" id="27_jyr7y"]
[ext_resource type="PackedScene" uid="uid://dxn6j66a0yk3o" path="res://SpookyHouse.tscn" id="28_uyjqn"]
[ext_resource type="Shader" uid="uid://dva3egef0tb68" path="res://wendigoTerrainMap/wengwater.gdshader" id="30_kbknu"]
[ext_resource type="Shader" uid="uid://tsgfh171hncc" path="res://Wendigo Level/WendigoTestMap/vhsflavor2.gdshader" id="31_cx7th"]
[ext_resource type="Shader" uid="uid://dy1444m3krfvh" path="res://Wendigo Level/WendigoTestMap/vhs.gdshader" id="32_ly1ea"]

[sub_resource type="Resource" id="Resource_1mri4"]
script = ExtResource("2_05m3n")
mode = 0
textures = [[ExtResource("4_6km8e"), ExtResource("5_mqwve"), ExtResource("6_mqwve")], [ExtResource("6_uaxvo"), ExtResource("7_b1vwf"), ExtResource("6_mqwve")]]

[sub_resource type="Resource" id="Resource_uyjqn"]
resource_local_to_scene = true
resource_name = "MMIOctreeNode"
script = ExtResource("10_pdyqn")
max_members = 75
min_leaf_extent = 1.0
octant = -1
is_leaf = true
center_pos = Vector3(-1169, -171, -321)
extent = 512.0
bounds = AABB(-1681, -683, -833, 1024, 1024, 1024)
max_bounds_to_center_dist = 886.8100134752651
min_bounds_to_center_dist = 512.0
active_LOD_index = 0
metadata/class = "MMIOctreeNode"

[sub_resource type="Resource" id="Resource_75rbe"]
resource_local_to_scene = true
resource_name = "MMIOctreeNode"
script = ExtResource("10_pdyqn")
max_members = 75
min_leaf_extent = 1.0
octant = 1
is_leaf = true
center_pos = Vector3(-1169, -171, 703)
extent = 512.0
bounds = AABB(-1681, -683, 191, 1024, 1024, 1024)
max_bounds_to_center_dist = 886.8100134752651
min_bounds_to_center_dist = 512.0
active_LOD_index = 0
metadata/class = "MMIOctreeNode"

[sub_resource type="Resource" id="Resource_kbknu"]
resource_local_to_scene = true
resource_name = "MMIOctreeNode"
script = ExtResource("10_pdyqn")
max_members = 75
min_leaf_extent = 1.0
octant = 2
is_leaf = true
center_pos = Vector3(-1169, 853, -321)
extent = 512.0
bounds = AABB(-1681, 341, -833, 1024, 1024, 1024)
max_bounds_to_center_dist = 886.8100134752651
min_bounds_to_center_dist = 512.0
active_LOD_index = 0
metadata/class = "MMIOctreeNode"

[sub_resource type="Resource" id="Resource_6jnv6"]
resource_local_to_scene = true
resource_name = "MMIOctreeNode"
script = ExtResource("10_pdyqn")
max_members = 75
min_leaf_extent = 1.0
octant = 3
is_leaf = true
center_pos = Vector3(-1169, 853, 703)
extent = 512.0
bounds = AABB(-1681, 341, 191, 1024, 1024, 1024)
max_bounds_to_center_dist = 886.8100134752651
min_bounds_to_center_dist = 512.0
active_LOD_index = 0
metadata/class = "MMIOctreeNode"

[sub_resource type="Resource" id="Resource_cx7th"]
resource_local_to_scene = true
resource_name = "MMIOctreeNode"
script = ExtResource("10_pdyqn")
max_members = 75
min_leaf_extent = 1.0
octant = -1
is_leaf = true
center_pos = Vector3(-401, -427, -577)
extent = 256.0
bounds = AABB(-657, -683, -833, 512, 512, 512)
max_bounds_to_center_dist = 443.40500673763256
min_bounds_to_center_dist = 256.0
active_LOD_index = 0
metadata/class = "MMIOctreeNode"

[sub_resource type="Resource" id="Resource_ly1ea"]
resource_local_to_scene = true
resource_name = "MMIOctreeNode"
script = ExtResource("10_pdyqn")
max_members = 75
min_leaf_extent = 1.0
octant = 1
is_leaf = true
center_pos = Vector3(-401, -427, -65)
extent = 256.0
bounds = AABB(-657, -683, -321, 512, 512, 512)
max_bounds_to_center_dist = 443.40500673763256
min_bounds_to_center_dist = 256.0
active_LOD_index = 0
metadata/class = "MMIOctreeNode"

[sub_resource type="Resource" id="Resource_k4prm"]
resource_local_to_scene = true
resource_name = "MMIOctreeNode"
script = ExtResource("10_pdyqn")
max_members = 75
min_leaf_extent = 1.0
octant = 2
is_leaf = true
center_pos = Vector3(-401, 85, -577)
extent = 256.0
bounds = AABB(-657, -171, -833, 512, 512, 512)
max_bounds_to_center_dist = 443.40500673763256
min_bounds_to_center_dist = 256.0
active_LOD_index = 0
metadata/class = "MMIOctreeNode"

[sub_resource type="Resource" id="Resource_4f0m8"]
resource_local_to_scene = true
resource_name = "MMIOctreeNode"
script = ExtResource("10_pdyqn")
max_members = 75
min_leaf_extent = 1.0
octant = -1
is_leaf = true
center_pos = Vector3(-529, -43, -193)
extent = 128.0
bounds = AABB(-657, -171, -321, 256, 256, 256)
max_bounds_to_center_dist = 221.70250336881628
min_bounds_to_center_dist = 128.0
active_LOD_index = 0
metadata/class = "MMIOctreeNode"

[sub_resource type="Resource" id="Resource_wgjca"]
resource_local_to_scene = true
resource_name = "MMIOctreeNode"
script = ExtResource("10_pdyqn")
max_members = 75
min_leaf_extent = 1.0
octant = 1
is_leaf = true
center_pos = Vector3(-529, -43, 63)
extent = 128.0
bounds = AABB(-657, -171, -65, 256, 256, 256)
max_bounds_to_center_dist = 221.70250336881628
min_bounds_to_center_dist = 128.0
active_LOD_index = 0
metadata/class = "MMIOctreeNode"

[sub_resource type="Resource" id="Resource_bhjje"]
resource_local_to_scene = true
resource_name = "MMIOctreeNode"
script = ExtResource("10_pdyqn")
max_members = 75
min_leaf_extent = 1.0
octant = 2
is_leaf = true
center_pos = Vector3(-529, 213, -193)
extent = 128.0
bounds = AABB(-657, 85, -321, 256, 256, 256)
max_bounds_to_center_dist = 221.70250336881628
min_bounds_to_center_dist = 128.0
active_LOD_index = 0
metadata/class = "MMIOctreeNode"

[sub_resource type="Resource" id="Resource_yrhgu"]
resource_local_to_scene = true
resource_name = "MMIOctreeNode"
script = ExtResource("10_pdyqn")
max_members = 75
min_leaf_extent = 1.0
octant = 3
is_leaf = true
center_pos = Vector3(-529, 213, 63)
extent = 128.0
bounds = AABB(-657, 85, -65, 256, 256, 256)
max_bounds_to_center_dist = 221.70250336881628
min_bounds_to_center_dist = 128.0
active_LOD_index = 0
metadata/class = "MMIOctreeNode"

[sub_resource type="Resource" id="Resource_a0ttt"]
resource_local_to_scene = true
resource_name = "MMIOctreeNode"
script = ExtResource("10_pdyqn")
max_members = 75
min_leaf_extent = 1.0
octant = -1
is_leaf = true
center_pos = Vector3(-337, -107, -257)
extent = 64.0
bounds = AABB(-401, -171, -321, 128, 128, 128)
max_bounds_to_center_dist = 110.85125168440814
min_bounds_to_center_dist = 64.0
active_LOD_index = 0
metadata/class = "MMIOctreeNode"

[sub_resource type="Resource" id="Resource_hxb2w"]
resource_local_to_scene = true
resource_name = "MMIOctreeNode"
script = ExtResource("10_pdyqn")
max_members = 75
min_leaf_extent = 1.0
octant = 1
is_leaf = true
center_pos = Vector3(-337, -107, -129)
extent = 64.0
bounds = AABB(-401, -171, -193, 128, 128, 128)
max_bounds_to_center_dist = 110.85125168440814
min_bounds_to_center_dist = 64.0
active_LOD_index = 0
metadata/class = "MMIOctreeNode"

[sub_resource type="Resource" id="Resource_w1jcc"]
resource_local_to_scene = true
resource_name = "MMIOctreeNode"
script = ExtResource("10_pdyqn")
max_members = 75
min_leaf_extent = 1.0
octant = 2
is_leaf = true
center_pos = Vector3(-337, 21, -257)
extent = 64.0
bounds = AABB(-401, -43, -321, 128, 128, 128)
max_bounds_to_center_dist = 110.85125168440814
min_bounds_to_center_dist = 64.0
active_LOD_index = 0
metadata/class = "MMIOctreeNode"

[sub_resource type="Resource" id="Resource_kbgbe"]
resource_local_to_scene = true
resource_name = "MMIOctreeNode"
script = ExtResource("10_pdyqn")
max_members = 75
min_leaf_extent = 1.0
octant = 3
is_leaf = true
center_pos = Vector3(-337, 21, -129)
extent = 64.0
bounds = AABB(-401, -43, -193, 128, 128, 128)
max_bounds_to_center_dist = 110.85125168440814
min_bounds_to_center_dist = 64.0
active_LOD_index = 0
metadata/class = "MMIOctreeNode"

[sub_resource type="Resource" id="Resource_jrcfp"]
resource_local_to_scene = true
resource_name = "MMIOctreeNode"
script = ExtResource("10_pdyqn")
max_members = 75
min_leaf_extent = 1.0
octant = 4
is_leaf = true
center_pos = Vector3(-209, -107, -257)
extent = 64.0
bounds = AABB(-273, -171, -321, 128, 128, 128)
max_bounds_to_center_dist = 110.85125168440814
min_bounds_to_center_dist = 64.0
active_LOD_index = 0
metadata/class = "MMIOctreeNode"

[sub_resource type="Resource" id="Resource_h6ks2"]
resource_local_to_scene = true
resource_name = "MMIOctreeNode"
script = ExtResource("10_pdyqn")
max_members = 75
min_leaf_extent = 1.0
octant = 5
is_leaf = true
center_pos = Vector3(-209, -107, -129)
extent = 64.0
bounds = AABB(-273, -171, -193, 128, 128, 128)
max_bounds_to_center_dist = 110.85125168440814
min_bounds_to_center_dist = 64.0
active_LOD_index = 0
metadata/class = "MMIOctreeNode"

[sub_resource type="Resource" id="Resource_epaa6"]
resource_local_to_scene = true
resource_name = "MMIOctreeNode"
script = ExtResource("10_pdyqn")
member_placeforms = [[Vector3(-148.65445, 1.7278461, -195.57281), Vector3(0.18097036, 0.41831154, 0.8900928), Transform3D(0.9982329, 0, 0.059422903, 0, 1, 0, -0.059422903, 0, 0.9982329, -148.65445, 1.7278461, -195.57281), 5], [Vector3(-151.77095, 13.952116, -199.04008), Vector3(0.28073037, 0.36950994, 0.8858064), Transform3D(0.94953644, 0, 0.31365672, 0, 1, 0, -0.31365672, 0, 0.94953644, -151.77095, 13.952116, -199.04008), 5], [Vector3(-146.23517, 16.128668, -224.90202), Vector3(-0.27781576, 0.9455231, 0.16971923), Transform3D(-0.44437104, 0, 0.89584285, 0, 1, 0, -0.89584285, 0, -0.44437104, -146.23517, 16.128668, -224.90202), 5], [Vector3(-145.69908, 10.663428, -217.03448), Vector3(0.27729362, 0.7068019, 0.65079904), Transform3D(-0.5701321, 0, -0.82155305, 0, 1, 0, 0.82155305, 0, -0.5701321, -145.69908, 10.663428, -217.03448), 5], [Vector3(-155.6625, 13.942554, -207.50426), Vector3(-0.20049447, 0.90657043, -0.371392), Transform3D(0.7781107, 0, -0.6281273, 0, 1, 0, 0.6281273, 0, 0.7781107, -155.6625, 13.942554, -207.50426), 5], [Vector3(-162.63156, 11.286318, -221.14084), Vector3(0.018421086, 0.87453747, 0.48460793), Transform3D(0.7724142, 0, 0.63511914, 0, 1, 0, -0.63511914, 0, 0.7724142, -162.63156, 11.286318, -221.14084), 5], [Vector3(-156.14104, 12.78966, -211.72467), Vector3(-0.31498682, 0.77251047, -0.55137193), Transform3D(-0.03324071, 0, -0.9994474, 0, 1, 0, 0.9994474, 0, -0.033240713, -156.14104, 12.78966, -211.72467), 5], [Vector3(-155.54158, 14.982992, -227.99197), Vector3(-0.09459198, 0.9800301, 0.17490938), Transform3D(-0.8869393, 0, 0.46188602, 0, 1, 0, -0.46188602, 0, -0.8869393, -155.54158, 14.982992, -227.99197), 5], [Vector3(-171.31523, 15.482956, -215.02382), Vector3(0.19050469, 0.89495593, -0.40343755), Transform3D(-0.98557127, 0, -0.16926093, 0, 1, 0, 0.16926093, 0, -0.98557127, -171.31523, 15.482956, -215.02382), 5], [Vector3(-153.80547, 14.840797, -234.54951), Vector3(-0.49526685, 0.8507861, 0.17570928), Transform3D(0.7812041, 0, -0.6242757, 0, 1, 0, 0.6242757, 0, 0.7812041, -153.80547, 14.840797, -234.54951), 5], [Vector3(-159.81766, 14.995406, -202.29068), Vector3(-0.29675773, 0.8983133, -0.3239879), Transform3D(0.9601669, 0, 0.27942726, 0, 1, 0, -0.27942726, 0, 0.9601669, -159.81766, 14.995406, -202.29068), 5], [Vector3(-172.59636, 19.116098, -205.11142), Vector3(0.46681312, 0.7987302, -0.37962568), Transform3D(0.9399062, 0, -0.34143296, 0, 1, 0, 0.34143296, 0, 0.9399062, -172.59636, 19.116098, -205.11142), 5], [Vector3(-164.30244, 10.255306, -234.27402), Vector3(0.2318969, 0.88613456, -0.4012348), Transform3D(-0.57719475, 0, -0.8166065, 0, 1, 0, 0.8166065, 0, -0.57719475, -164.30244, 10.255306, -234.27402), 5], [Vector3(-162.41106, 11.392424, -212.42017), Vector3(0.29795408, 0.9131302, 0.27823853), Transform3D(-0.16188717, 0, -0.9868093, 0, 1, 0, 0.9868093, 0, -0.16188717, -162.41106, 11.392424, -212.42017), 5], [Vector3(-170.1282, 19.080402, -202.1389), Vector3(0.23237431, 0.83891827, -0.49215692), Transform3D(0.992221, 0, 0.12448895, 0, 1, 0, -0.12448895, 0, 0.992221, -170.1282, 19.080402, -202.1389), 5], [Vector3(-163.77867, 11.217266, -197.67575), Vector3(0.119743004, 0.35179636, 0.9283862), Transform3D(-0.3544525, 0, 0.93507403, 0, 1, 0, -0.93507403, 0, -0.3544525, -163.77867, 11.217266, -197.67575), 5], [Vector3(-150.43768, 18.269197, -238.37938), Vector3(-0.7581986, 0.6170764, 0.21059817), Transform3D(0.91783357, 0, 0.39696547, 0, 1, 0, -0.39696547, 0, 0.91783357, -150.43768, 18.269197, -238.37938), 5], [Vector3(-179.84114, 11.504205, -216.86003), Vector3(-0.5259666, 0.8225738, -0.21617492), Transform3D(0.81637233, 0, -0.577526, 0, 1, 0, 0.577526, 0, 0.81637233, -179.84114, 11.504205, -216.86003), 5], [Vector3(-177.85355, 10.89583, -228.42361), Vector3(-0.743561, 0.65104866, -0.15248834), Transform3D(0.6866526, 0, -0.7269857, 0, 1, 0, 0.7269857, 0, 0.6866526, -177.85355, 10.89583, -228.42361), 5], [Vector3(-174.13626, 12.854609, -239.31586), Vector3(0.4084808, 0.9052281, 0.11707114), Transform3D(0.19086191, 0, 0.9816169, 0, 1, 0, -0.9816169, 0, 0.19086191, -174.13626, 12.854609, -239.31586), 5], [Vector3(-186.36075, 5.783823, -233.3421), Vector3(-0.24398924, 0.95513946, -0.16786282), Transform3D(-0.22064047, 0, 0.9753552, 0, 1, 0, -0.9753552, 0, -0.22064047, -186.36075, 5.783823, -233.3421), 5], [Vector3(-174.17671, 12.780003, -223.93065), Vector3(0.111879624, 0.9321088, 0.34446505), Transform3D(0.77500564, 0, -0.63195443, 0, 1, 0, 0.63195443, 0, 0.77500564, -174.17671, 12.780003, -223.93065), 5], [Vector3(-157.3413, 12.234749, -243.49794), Vector3(-0.63400894, 0.7038096, 0.32044473), Transform3D(-0.99977267, 0, -0.021322438, 0, 1, 0, 0.021322438, 0, -0.99977267, -157.3413, 12.234749, -243.49794), 5], [Vector3(-170.10625, 9.829398, -244.92235), Vector3(0.27216744, 0.9542747, 0.12363173), Transform3D(-0.24946336, 0, 0.96838427, 0, 1, 0, -0.96838427, 0, -0.24946336, -170.10625, 9.829398, -244.92235), 5], [Vector3(-152.0884, 11.352013, -214.20155), Vector3(0.16879362, 0.9775915, -0.12579204), Transform3D(0.9488672, 0, 0.3156756, 0, 1, 0, -0.3156756, 0, 0.9488672, -152.0884, 11.352013, -214.20155), 5], [Vector3(-180.73814, 10.284493, -248.09709), Vector3(-0.011106991, 0.9471799, -0.3205102), Transform3D(-0.11813178, 0, -0.99299794, 0, 1, 0, 0.99299794, 0, -0.11813178, -180.73814, 10.284493, -248.09709), 5], [Vector3(-190.93793, 4.4762516, -228.36568), Vector3(-0.41114312, 0.865008, -0.28761515), Transform3D(0.7431809, 0, 0.6690906, 0, 1, 0, -0.6690906, 0, 0.7431809, -190.93793, 4.4762516, -228.36568), 5], [Vector3(-191.56271, 5.605483, -214.49576), Vector3(-0.016775154, 0.8817054, -0.47150204), Transform3D(-0.62340724, 0, -0.7818973, 0, 1, 0, 0.7818973, 0, -0.62340724, -191.56271, 5.605483, -214.49576), 5], [Vector3(-162.67401, 12.6483555, -225.45789), Vector3(-0.3272355, 0.9427564, 0.064244844), Transform3D(0.8132545, 0, -0.5819083, 0, 1, 0, 0.5819083, 0, 0.8132545, -162.67401, 12.6483555, -225.45789), 5], [Vector3(-183.40991, 7.1809177, -225.91966), Vector3(-0.39823332, 0.82075644, -0.40959626), Transform3D(0.9994683, 0, -0.032605264, 0, 1, 0, 0.032605264, 0, 0.9994683, -183.40991, 7.1809177, -225.91966), 5], [Vector3(-182.74895, 12.309647, -206.00024), Vector3(-0.6956191, 0.7039144, -0.14359216), Transform3D(0.4479269, 0, 0.8940702, 0, 1, 0, -0.8940702, 0, 0.4479269, -182.74895, 12.309647, -206.00024), 5], [Vector3(-191.4365, 2.6583996, -237.95984), Vector3(-0.5826588, 0.80328465, 0.12346073), Transform3D(-0.5903535, 0, -0.8071448, 0, 1, 0, 0.8071448, 0, -0.5903535, -191.4365, 2.6583996, -237.95984), 5], [Vector3(-176.33374, 17.28939, -208.96413), Vector3(-0.57921946, 0.7131131, -0.39493608), Transform3D(-0.91144955, 0, -0.41141194, 0, 1, 0, 0.41141194, 0, -0.91144955, -176.33374, 17.28939, -208.96413), 5], [Vector3(-168.89815, 10.783597, -250.69438), Vector3(-0.21610712, 0.89531344, 0.38950187), Transform3D(-0.23453313, 0, -0.9721081, 0, 1, 0, 0.9721081, 0, -0.23453313, -168.89815, 10.783597, -250.69438), 5], [Vector3(-181.22757, 9.792929, -238.99333), Vector3(-0.15228498, 0.9878095, -0.032275528), Transform3D(-0.99973655, 0, -0.022952644, 0, 1, 0, 0.022952644, 0, -0.99973655, -181.22757, 9.792929, -238.99333), 5], [Vector3(-190.62431, 5.1650043, -217.91972), Vector3(0.050105855, 0.9545661, 0.29375657), Transform3D(-0.4665016, 0, -0.88452035, 0, 1, 0, 0.88452035, 0, -0.4665016, -190.62431, 5.1650043, -217.91972), 5], [Vector3(-158.56493, 12.801243, -232.68585), Vector3(-0.47709998, 0.782479, -0.40012783), Transform3D(0.62327725, 0, -0.78200096, 0, 1, 0, 0.78200096, 0, 0.62327725, -158.56493, 12.801243, -232.68585), 5], [Vector3(-153.74818, 25.442966, -253.40314), Vector3(-0.6789933, 0.5420087, 0.49517134), Transform3D(-0.32080817, 0, 0.9471442, 0, 1, 0, -0.9471442, 0, -0.32080817, -153.74818, 25.442966, -253.40314), 7], [Vector3(-172.84999, 12.80687, -236.231), Vector3(-0.05475829, 0.9952201, -0.080860876), Transform3D(-0.9269715, 0, -0.3751318, 0, 1, 0, 0.3751318, 0, -0.9269715, -172.84999, 12.80687, -236.231), 5], [Vector3(-154.7192, 13.235526, -220.59282), Vector3(-0.08824185, 0.9960845, 0.005391861), Transform3D(-0.5783517, 0, 0.81578755, 0, 1, 0, -0.81578755, 0, -0.5783517, -154.7192, 13.235526, -220.59282), 5]]
max_members = 75
min_leaf_extent = 1.0
octant = 6
is_leaf = true
center_pos = Vector3(-209, 21, -257)
extent = 64.0
bounds = AABB(-273, -43, -321, 128, 128, 128)
max_bounds_to_center_dist = 110.85125168440814
min_bounds_to_center_dist = 64.0
active_LOD_index = 0
metadata/class = "MMIOctreeNode"

[sub_resource type="Resource" id="Resource_x5eoj"]
resource_local_to_scene = true
resource_name = "MMIOctreeNode"
script = ExtResource("10_pdyqn")
member_placeforms = [[Vector3(-210.52293, -1.7822046, -139.59856), Vector3(0.34445944, 0.938695, 0.014122487), Transform3D(-0.96256435, 0, 0.27105322, 0, 1, 0, -0.27105322, 0, -0.96256435, -210.52293, -1.7822046, -139.59856), 7], [Vector3(-213.03073, 4.7225666, -131.63979), Vector3(0.52544856, 0.6652299, -0.5304461), Transform3D(-0.19564767, 0, 0.98067427, 0, 1, 0, -0.98067427, 0, -0.19564767, -213.03073, 4.7225666, -131.63979), 7], [Vector3(-209.65637, -1.3206615, -149.54436), Vector3(-0.25051785, 0.9659008, -0.06539566), Transform3D(0.7994718, 0, -0.60070366, 0, 1, 0, 0.60070366, 0, 0.7994718, -209.65637, -1.3206615, -149.54436), 7], [Vector3(-213.37476, -2.5882845, -153.96295), Vector3(0.1484528, 0.8858906, -0.43949938), Transform3D(0.79298455, 0, 0.6092418, 0, 1, 0, -0.6092418, 0, 0.79298455, -213.37476, -2.5882845, -153.96295), 7], [Vector3(-223.54059, 8.547414, -145.57875), Vector3(0.68035066, 0.69338816, -0.23735169), Transform3D(-0.21613564, 0, -0.97636336, 0, 1, 0, 0.97636336, 0, -0.21613564, -223.54059, 8.547414, -145.57875), 7], [Vector3(-216.18297, 2.3258772, -145.8129), Vector3(0.8020461, 0.5951644, -0.050013885), Transform3D(0.70004106, 0, -0.7141027, 0, 1, 0, 0.7141027, 0, 0.70004106, -216.18297, 2.3258772, -145.8129), 7], [Vector3(-224.596, 13.557019, -132.45935), Vector3(0.6608448, 0.62954515, -0.40860373), Transform3D(-0.0140372235, 0, -0.9999015, 0, 1, 0, 0.9999015, 0, -0.0140372235, -224.596, 13.557019, -132.45935), 7], [Vector3(-224.21193, 6.648365, -155.39798), Vector3(0.54818165, 0.7763754, 0.31102744), Transform3D(0.6328904, 0, -0.7742414, 0, 1, 0, 0.7742414, 0, 0.6328904, -224.21193, 6.648365, -155.39798), 7], [Vector3(-209.11002, 9.68642, -149.69087), Vector3(0.9978343, 0.009435019, 0.06509734), Transform3D(0.030158281, 0, -0.99954516, 0, 1, 0, 0.99954516, 0, 0.030158281, -209.11002, 9.68642, -149.69087), 7], [Vector3(-233.02002, 10.223996, -152.6195), Vector3(0.12968545, 0.99146265, 0.013544753), Transform3D(0.9210555, 0, 0.3894313, 0, 1, 0, -0.3894313, 0, 0.9210555, -233.02002, 10.223996, -152.6195), 7], [Vector3(-234.41707, 11.706873, -142.83908), Vector3(-0.08206464, 0.75473416, -0.6508777), Transform3D(-0.26123646, 0, 0.9652748, 0, 1, 0, -0.9652748, 0, -0.26123646, -234.41707, 11.706873, -142.83908), 7], [Vector3(-219.41907, 8.100986, -135.90431), Vector3(0.69696355, 0.6437376, -0.31598073), Transform3D(0.8475981, 0, 0.53063875, 0, 1, 0, -0.53063875, 0, 0.8475981, -219.41907, 8.100986, -135.90431), 7], [Vector3(-218.17607, 1.273222, -157.66862), Vector3(0.8018285, 0.58400935, -0.12650767), Transform3D(-0.66354734, 0, -0.7481343, 0, 1, 0, 0.7481343, 0, -0.66354734, -218.17607, 1.273222, -157.66862), 7], [Vector3(-246.01039, 19.174568, -138.3737), Vector3(0.72134215, 0.42176622, -0.549344), Transform3D(-0.69647473, 0, -0.71758133, 0, 1, 0, 0.71758133, 0, -0.69647473, -246.01039, 19.174568, -138.3737), 3], [Vector3(-238.86238, 14.529209, -137.49927), Vector3(0.11907581, 0.84577477, -0.5200827), Transform3D(-0.7331663, 0, 0.6800494, 0, 1, 0, -0.6800494, 0, -0.7331663, -238.86238, 14.529209, -137.49927), 7], [Vector3(-239.30289, 10.64516, -159.70882), Vector3(0.26898345, 0.93538547, 0.22956897), Transform3D(-0.33006862, 0, 0.943957, 0, 1, 0, -0.943957, 0, -0.33006862, -239.30289, 10.64516, -159.70882), 7], [Vector3(-249.63142, 17.801155, -157.63498), Vector3(0.5552066, 0.81736493, 0.15381873), Transform3D(0.32125476, 0, 0.9469928, 0, 1, 0, -0.9469928, 0, 0.32125476, -249.63142, 17.801155, -157.63498), 3], [Vector3(-228.7422, 14.470788, -134.94614), Vector3(0.40827098, 0.80947226, -0.42198277), Transform3D(-0.020397397, 0, 0.999792, 0, 1, 0, -0.999792, 0, -0.020397397, -228.7422, 14.470788, -134.94614), 7], [Vector3(-222.71754, 7.2225637, -159.4804), Vector3(0.5240398, 0.70678675, 0.47522083), Transform3D(0.8488248, 0, -0.5286743, 0, 1, 0, 0.5286743, 0, 0.8488248, -222.71754, 7.2225637, -159.4804), 7], [Vector3(-237.42776, 12.302836, -163.90118), Vector3(-0.089081384, 0.95542055, 0.28148922), Transform3D(0.06635239, 0, -0.9977963, 0, 1, 0, 0.9977963, 0, 0.06635239, -237.42776, 12.302836, -163.90118), 6], [Vector3(-247.08853, 15.597183, -164.75436), Vector3(0.55440176, 0.816712, 0.16006318), Transform3D(-0.2294403, 0, -0.97332275, 0, 1, 0, 0.97332275, 0, -0.2294403, -247.08853, 15.597183, -164.75436), 2], [Vector3(-218.83572, 2.3697126, -156.67336), Vector3(0.8055632, 0.5867295, -0.082562275), Transform3D(-0.49594417, 0, -0.8683544, 0, 1, 0, 0.8683544, 0, -0.49594417, -218.83572, 2.3697126, -156.67336), 7], [Vector3(-254.07306, 20.848019, -148.24353), Vector3(0.8307786, 0.5555648, -0.033979982), Transform3D(0.27328503, 0, 0.96193314, 0, 1, 0, -0.96193314, 0, 0.27328503, -254.07306, 20.848019, -148.24353), 3], [Vector3(-241.31143, 13.088266, -176.72766), Vector3(0.66420096, 0.7315949, -0.15364264), Transform3D(0.89868104, 0, -0.43860275, 0, 1, 0, 0.43860275, 0, 0.89868104, -241.31143, 13.088266, -176.72766), 2], [Vector3(-232.8038, 12.726283, -162.33525), Vector3(0.4558214, 0.87095624, 0.1834723), Transform3D(-0.8638369, 0, 0.50377166, 0, 1, 0, -0.50377166, 0, -0.8638369, -232.8038, 12.726283, -162.33525), 6], [Vector3(-251.65138, 18.848345, -160.69058), Vector3(0.5962535, 0.8020519, -0.034561075), Transform3D(0.3064682, 0, -0.95188093, 0, 1, 0, 0.95188093, 0, 0.3064682, -251.65138, 18.848345, -160.69058), 3], [Vector3(-244.10963, 11.728991, -152.33237), Vector3(0.683348, 0.7133437, -0.15548745), Transform3D(0.33969197, 0, -0.94053674, 0, 1, 0, 0.94053674, 0, 0.33969197, -244.10963, 11.728991, -152.33237), 3], [Vector3(-233.14589, 8.152239, -176.14984), Vector3(0.34494966, 0.5621894, -0.7516335), Transform3D(-0.6613959, 0, 0.750037, 0, 1, 0, -0.750037, 0, -0.6613959, -233.14589, 8.152239, -176.14984), 6], [Vector3(-228.60059, 9.8876505, -147.02129), Vector3(-0.2537234, 0.87632346, -0.4094896), Transform3D(-0.9855182, 0, -0.16956949, 0, 1, 0, 0.16956949, 0, -0.9855182, -228.60059, 9.8876505, -147.02129), 7], [Vector3(-242.75407, 15.507847, -178.87032), Vector3(0.6624174, 0.5856332, 0.46715847), Transform3D(0.73623365, 0, -0.6767274, 0, 1, 0, 0.6767274, 0, 0.73623365, -242.75407, 15.507847, -178.87032), 2], [Vector3(-240.20409, 11.26209, -145.92389), Vector3(0.5973618, 0.80156636, -0.025502259), Transform3D(-0.4979367, 0, -0.86721337, 0, 1, 0, 0.86721337, 0, -0.4979367, -240.20409, 11.26209, -145.92389), 7], [Vector3(-246.7777, 16.02624, -148.2276), Vector3(0.53739655, 0.8094431, -0.23665753), Transform3D(0.002626579, 0, 0.99999654, 0, 1, 0, -0.99999654, 0, 0.002626579, -246.7777, 16.02624, -148.2276), 3], [Vector3(-247.97662, 16.87873, -144.49245), Vector3(0.74581563, 0.61442304, -0.257378), Transform3D(0.98987424, 0, 0.14194725, 0, 1, 0, -0.14194725, 0, 0.98987424, -247.97662, 16.87873, -144.49245), 3]]
max_members = 75
min_leaf_extent = 1.0
octant = -1
is_leaf = true
center_pos = Vector3(-241, -11, -161)
extent = 32.0
bounds = AABB(-273, -43, -193, 64, 64, 64)
max_bounds_to_center_dist = 55.42562584220407
min_bounds_to_center_dist = 32.0
active_LOD_index = 0
metadata/class = "MMIOctreeNode"

[sub_resource type="Resource" id="Resource_2v7d2"]
resource_local_to_scene = true
resource_name = "MMIOctreeNode"
script = ExtResource("10_pdyqn")
member_placeforms = [[Vector3(-216.0765, 10.746817, -128.12144), Vector3(0.6502615, 0.5739375, -0.4977508), Transform3D(0.82733166, 0, 0.5617137, 0, 1, 0, -0.5617137, 0, 0.82733166, -216.0765, 10.746817, -128.12144), 6], [Vector3(-210.30374, 6.4548497, -127.81582), Vector3(0.44915095, 0.54207474, -0.71022415), Transform3D(0.9996606, 0, 0.026051586, 0, 1, 0, -0.026051586, 0, 0.9996606, -210.30374, 6.4548497, -127.81582), 6], [Vector3(-217.96645, 15.388424, -116.46662), Vector3(0.31774896, 0.89224976, -0.32082075), Transform3D(-0.43190357, 0, 0.9019198, 0, 1, 0, -0.9019198, 0, -0.43190357, -217.96645, 15.388424, -116.46662), 6], [Vector3(-225.273, 15.406828, -123.40928), Vector3(0.56186223, 0.81950843, -0.112769), Transform3D(0.8443369, 0, 0.5358126, 0, 1, 0, -0.5358126, 0, 0.8443369, -225.273, 15.406828, -123.40928), 6], [Vector3(-224.41211, 16.621843, -117.97284), Vector3(0.48014417, 0.8561007, -0.1911893), Transform3D(-0.9994796, 0, -0.03225781, 0, 1, 0, 0.03225781, 0, -0.9994796, -224.41211, 16.621843, -117.97284), 6], [Vector3(-219.23744, 12.652323, -122.068016), Vector3(0.03692959, 0.99903196, -0.023901667), Transform3D(-0.8511915, 0, -0.5248553, 0, 1, 0, 0.5248553, 0, -0.8511915, -219.23744, 12.652323, -122.068016), 6], [Vector3(-223.46545, 14.947013, -128.30966), Vector3(0.48727474, 0.8721245, -0.044297554), Transform3D(-0.72176623, 0, -0.692137, 0, 1, 0, 0.692137, 0, -0.72176623, -223.46545, 14.947013, -128.30966), 6], [Vector3(-232.27084, 18.63984, -65.30704), Vector3(-0.023901328, 0.8307597, 0.5561179), Transform3D(-0.662809, 0, -0.7487885, 0, 1, 0, 0.7487885, 0, -0.662809, -232.27084, 18.63984, -65.30704), 7], [Vector3(-242.54579, 20.90609, -70.4378), Vector3(-0.07818874, 0.9959286, 0.044864353), Transform3D(0.92978513, 0, -0.36810267, 0, 1, 0, 0.36810267, 0, 0.92978513, -242.54579, 20.90609, -70.4378), 3]]
max_members = 75
min_leaf_extent = 1.0
octant = 1
is_leaf = true
center_pos = Vector3(-241, -11, -97)
extent = 32.0
bounds = AABB(-273, -43, -129, 64, 64, 64)
max_bounds_to_center_dist = 55.42562584220407
min_bounds_to_center_dist = 32.0
active_LOD_index = 0
metadata/class = "MMIOctreeNode"

[sub_resource type="Resource" id="Resource_sy734"]
resource_local_to_scene = true
resource_name = "MMIOctreeNode"
script = ExtResource("10_pdyqn")
member_placeforms = [[Vector3(-242.95793, 24.858608, -129.31317), Vector3(0.67263234, 0.5538024, -0.49078387), Transform3D(0.8402793, 0, 0.5421538, 0, 1, 0, -0.5421538, 0, 0.8402793, -242.95793, 24.858608, -129.31317), 1], [Vector3(-249.48053, 26.841717, -136.88515), Vector3(0.55010605, 0.42995527, -0.71590626), Transform3D(0.881298, 0, 0.47256088, 0, 1, 0, -0.47256088, 0, 0.881298, -249.48053, 26.841717, -136.88515), 1], [Vector3(-233.7719, 21.58228, -142.69754), Vector3(0.999953, 0.0010835779, 0.009633187), Transform3D(-0.8925236, 0, -0.45100072, 0, 1, 0, 0.45100072, 0, -0.8925236, -233.7719, 21.58228, -142.69754), 5], [Vector3(-255.82875, 22.184204, -164.67653), Vector3(0.7851948, 0.6001301, 0.15268584), Transform3D(-0.5282766, 0, -0.84907234, 0, 1, 0, 0.84907234, 0, -0.5282766, -255.82875, 22.184204, -164.67653), 0], [Vector3(-240.9626, 24.319649, -176.44829), Vector3(0.76944894, 0.015540055, 0.6385192), Transform3D(-0.52288574, 0, -0.8524028, 0, 1, 0, 0.8524028, 0, -0.52288574, -240.9626, 24.319649, -176.44829), 4], [Vector3(-252.75687, 23.18201, -174.37479), Vector3(0.7251155, 0.63039947, 0.27713564), Transform3D(-0.92244256, 0, 0.38613436, 0, 1, 0, -0.38613436, 0, -0.92244256, -252.75687, 23.18201, -174.37479), 0], [Vector3(-249.63043, 24.823317, -182.44939), Vector3(0.565026, 0.67497027, 0.4745112), Transform3D(-0.9613842, 0, -0.27521002, 0, 1, 0, 0.27521002, 0, -0.9613842, -249.63043, 24.823317, -182.44939), 0], [Vector3(-239.17348, 21.354225, -160.15521), Vector3(0.16147713, 0.015437615, -0.98675567), Transform3D(-0.54684347, 0, -0.83723485, 0, 1, 0, 0.83723485, 0, -0.54684347, -239.17348, 21.354225, -160.15521), 5], [Vector3(-252.09169, 34.448658, -174.62012), Vector3(0.8603505, -0.004561493, -0.50968254), Transform3D(-0.92503303, 0, -0.3798867, 0, 1, 0, 0.3798867, 0, -0.92503303, -252.09169, 34.448658, -174.62012), 0], [Vector3(-252.40843, 32.835968, -134.88176), Vector3(0.5733378, 0.590665, -0.5678017), Transform3D(0.43636128, 0, 0.8997716, 0, 1, 0, -0.8997716, 0, 0.43636128, -252.40843, 32.835968, -134.88176), 1], [Vector3(-240.36363, 21.756222, -129.2112), Vector3(0.6573779, 0.5223349, -0.543158), Transform3D(-0.7151549, 0, 0.698966, 0, 1, 0, -0.698966, 0, -0.7151549, -240.36363, 21.756222, -129.2112), 5], [Vector3(-252.3134, 21.454266, -144.28157), Vector3(0.57731634, 0.6914212, -0.43433008), Transform3D(0.60812044, 0, -0.7938448, 0, 1, 0, 0.7938448, 0, 0.60812044, -252.3134, 21.454266, -144.28157), 1], [Vector3(-249.98885, 34.494366, -129.11125), Vector3(0.80593085, 0.5872884, -0.074618585), Transform3D(0.45971918, 0, -0.8880644, 0, 1, 0, 0.8880644, 0, 0.45971918, -249.98885, 34.494366, -129.11125), 1]]
max_members = 75
min_leaf_extent = 1.0
octant = 2
is_leaf = true
center_pos = Vector3(-241, 53, -161)
extent = 32.0
bounds = AABB(-273, 21, -193, 64, 64, 64)
max_bounds_to_center_dist = 55.42562584220407
min_bounds_to_center_dist = 32.0
active_LOD_index = 0
metadata/class = "MMIOctreeNode"

[sub_resource type="Resource" id="Resource_ixmxt"]
resource_local_to_scene = true
resource_name = "MMIOctreeNode"
script = ExtResource("10_pdyqn")
