[gd_scene load_steps=381 format=3 uid="uid://n0kjj88rjuor"]

[ext_resource type="Script" uid="uid://dnrelw0fv4ou8" path="res://addons/zylann.hterrain/hterrain.gd" id="1_fa63b"]
[ext_resource type="Script" uid="uid://boa8j2t61mjlg" path="res://wendigoTerrainMap/wendigo_forest.gd" id="1_qv7kg"]
[ext_resource type="Resource" uid="uid://kswptg5hojwh" path="res://wendigoTerrainMap/data.hterrain" id="2_1mri4"]
[ext_resource type="Script" uid="uid://bijdjc8imckni" path="res://addons/zylann.hterrain/hterrain_texture_set.gd" id="2_05m3n"]
[ext_resource type="Texture2D" uid="uid://uvty2e4akmu3" path="res://Wendigo Level/wendigo_forest_slot0_albedo_bump.png" id="4_6km8e"]
[ext_resource type="Texture2D" uid="uid://bnc7knvobvmam" path="res://Wendigo Level/wendigo_forest_slot1_albedo_bump.png" id="5_mqwve"]
[ext_resource type="Texture2D" uid="uid://cm5pnnq8bn8o0" path="res://wendigoTerrainMap/ground-SticksLeaves.png" id="6_mqwve"]
[ext_resource type="Texture2D" uid="uid://c88ygew4thkdt" path="res://Wendigo Level/wendigo_forest_slot0_normal_roughness.png" id="6_uaxvo"]
[ext_resource type="Texture2D" uid="uid://d2rnd2qiej447" path="res://Wendigo Level/wendigo_forest_slot1_normal_roughness.png" id="7_b1vwf"]
[ext_resource type="Script" uid="uid://bc7pailucq83t" path="res://addons/dreadpon.spatial_gardener/gardener/gardener.gd" id="9_q4s1m"]
[ext_resource type="Script" uid="uid://dieiojnt518h" path="res://addons/dreadpon.spatial_gardener/arborist/mmi_octree/mmi_octree_node.gd" id="10_pdyqn"]
[ext_resource type="Script" uid="uid://c4s4x5b27vdf6" path="res://addons/dreadpon.spatial_gardener/arborist/mmi_octree/mmi_octree_manager.gd" id="11_qusdq"]
[ext_resource type="Script" uid="uid://d1pavk3gl4atd" path="res://addons/dreadpon.spatial_gardener/arborist/arborist.gd" id="12_np73x"]

[sub_resource type="Resource" id="Resource_1mri4"]
script = ExtResource("2_05m3n")
mode = 0
textures = [[ExtResource("4_6km8e"), ExtResource("5_mqwve"), ExtResource("6_mqwve")], [ExtResource("6_uaxvo"), ExtResource("7_b1vwf"), ExtResource("6_mqwve")]]

[sub_resource type="Resource" id="Resource_qv7kg"]
resource_local_to_scene = true
resource_name = "MMIOctreeNode"
script = ExtResource("10_pdyqn")
max_members = 75
min_leaf_extent = 1.0
is_leaf = true
center_pos = Vector3(-401, -427, -577)
extent = 256.0
bounds = AABB(-657, -683, -833, 512, 512, 512)
max_bounds_to_center_dist = 443.40500673763256
min_bounds_to_center_dist = 256.0
active_LOD_index = 0
metadata/class = "MMIOctreeNode"

[sub_resource type="Resource" id="Resource_jyr7y"]
resource_local_to_scene = true
resource_name = "MMIOctreeNode"
script = ExtResource("10_pdyqn")
max_members = 75
min_leaf_extent = 1.0
octant = 1
is_leaf = true
center_pos = Vector3(-401, -427, -65)
extent = 256.0
bounds = AABB(-657, -683, -321, 512, 512, 512)
max_bounds_to_center_dist = 443.40500673763256
min_bounds_to_center_dist = 256.0
active_LOD_index = 0
metadata/class = "MMIOctreeNode"

[sub_resource type="Resource" id="Resource_uyjqn"]
resource_local_to_scene = true
resource_name = "MMIOctreeNode"
script = ExtResource("10_pdyqn")
max_members = 75
min_leaf_extent = 1.0
octant = 2
is_leaf = true
center_pos = Vector3(-401, 85, -577)
extent = 256.0
bounds = AABB(-657, -171, -833, 512, 512, 512)
max_bounds_to_center_dist = 443.40500673763256
min_bounds_to_center_dist = 256.0
active_LOD_index = 0
metadata/class = "MMIOctreeNode"

[sub_resource type="Resource" id="Resource_75rbe"]
resource_local_to_scene = true
resource_name = "MMIOctreeNode"
script = ExtResource("10_pdyqn")
max_members = 75
min_leaf_extent = 1.0
is_leaf = true
center_pos = Vector3(-529, -43, -193)
extent = 128.0
bounds = AABB(-657, -171, -321, 256, 256, 256)
max_bounds_to_center_dist = 221.70250336881628
min_bounds_to_center_dist = 128.0
active_LOD_index = 0
metadata/class = "MMIOctreeNode"

[sub_resource type="Resource" id="Resource_kbknu"]
resource_local_to_scene = true
resource_name = "MMIOctreeNode"
script = ExtResource("10_pdyqn")
max_members = 75
min_leaf_extent = 1.0
octant = 1
is_leaf = true
center_pos = Vector3(-529, -43, 63)
extent = 128.0
bounds = AABB(-657, -171, -65, 256, 256, 256)
max_bounds_to_center_dist = 221.70250336881628
min_bounds_to_center_dist = 128.0
active_LOD_index = 0
metadata/class = "MMIOctreeNode"

[sub_resource type="Resource" id="Resource_6jnv6"]
resource_local_to_scene = true
resource_name = "MMIOctreeNode"
script = ExtResource("10_pdyqn")
max_members = 75
min_leaf_extent = 1.0
octant = 2
is_leaf = true
center_pos = Vector3(-529, 213, -193)
extent = 128.0
bounds = AABB(-657, 85, -321, 256, 256, 256)
max_bounds_to_center_dist = 221.70250336881628
min_bounds_to_center_dist = 128.0
active_LOD_index = 0
metadata/class = "MMIOctreeNode"

[sub_resource type="Resource" id="Resource_cx7th"]
resource_local_to_scene = true
resource_name = "MMIOctreeNode"
script = ExtResource("10_pdyqn")
max_members = 75
min_leaf_extent = 1.0
octant = 3
is_leaf = true
center_pos = Vector3(-529, 213, 63)
extent = 128.0
bounds = AABB(-657, 85, -65, 256, 256, 256)
max_bounds_to_center_dist = 221.70250336881628
min_bounds_to_center_dist = 128.0
active_LOD_index = 0
metadata/class = "MMIOctreeNode"

[sub_resource type="Resource" id="Resource_ly1ea"]
resource_local_to_scene = true
resource_name = "MMIOctreeNode"
script = ExtResource("10_pdyqn")
member_placeforms = [[Vector3(-145.7604, 23.26009, -236.4445), Vector3(-0.7318229, 0.541297, 0.4140444), Transform3D(0.96381706, 0, -0.26656452, 0, 1, 0, 0.26656452, 0, 0.96381706, -145.7604, 23.26009, -236.4445), 6], [Vector3(-145.37585, 16.858395, -226.18202), Vector3(-0.15311328, 0.81520265, 0.55857044), Transform3D(0.4594261, 0, -0.888216, 0, 1, 0, 0.888216, 0, 0.4594261, -145.37585, 16.858395, -226.18202), 6], [Vector3(-154.44487, 13.374391, -221.97289), Vector3(-0.24352095, 0.9696451, 0.022046383), Transform3D(0.9908856, 0, -0.13470624, 0, 1, 0, 0.13470623, 0, 0.9908856, -154.44487, 13.374391, -221.97289), 6], [Vector3(-155.61653, 14.381418, -243.71945), Vector3(-0.7659456, 0.5796062, 0.27817976), Transform3D(0.91412205, 0, -0.40543914, 0, 1, 0, 0.40543914, 0, 0.91412205, -155.61653, 14.381418, -243.71945), 6], [Vector3(-233.55554, 10.069838, -151.22443), Vector3(-0.10160968, 0.98876595, 0.1096239), Transform3D(-0.657271, 0, 0.7536543, 0, 1, 0, -0.7536543, 0, -0.657271, -233.55554, 10.069838, -151.22443), 7], [Vector3(-244.73526, 14.329336, -147.22955), Vector3(0.6098521, 0.78724444, -0.091250665), Transform3D(-0.22155625, 0, 0.9751476, 0, 1, 0, -0.9751476, 0, -0.22155625, -244.73526, 14.329336, -147.22955), 7], [Vector3(-222.53807, 9.896636, -140.46703), Vector3(0.75805527, 0.601775, -0.25143418), Transform3D(0.7584828, 0, -0.65169305, 0, 1, 0, 0.65169305, 0, 0.7584828, -222.53807, 9.896636, -140.46703), 7], [Vector3(-229.8961, 13.856836, -137.3697), Vector3(0.22809556, 0.9424634, -0.24440794), Transform3D(-0.4545626, 0, -0.89071476, 0, 1, 0, 0.89071476, 0, -0.4545626, -229.8961, 13.856836, -137.3697), 7], [Vector3(-245.11418, 17.68659, -138.55374), Vector3(0.5794303, 0.45383877, -0.6769719), Transform3D(-0.84942937, 0, 0.52770233, 0, 1, 0, -0.52770233, 0, -0.84942937, -245.11418, 17.68659, -138.55374), 7], [Vector3(-220.2677, 9.983476, -132.7129), Vector3(0.5110446, 0.8058328, -0.2991102), Transform3D(0.7380331, 0, 0.6747645, 0, 1, 0, -0.6747645, 0, 0.7380331, -220.2677, 9.983476, -132.7129), 7], [Vector3(-227.47755, 15.983588, -131.89517), Vector3(0.2487918, 0.81118506, -0.5292272), Transform3D(0.9711927, 0, -0.23829536, 0, 1, 0, 0.23829536, 0, 0.9711927, -227.47755, 15.983588, -131.89517), 7], [Vector3(-219.71576, 13.975134, -119.78795), Vector3(0.114402495, 0.82836527, -0.5483823), Transform3D(0.25583425, 0, -0.9667207, 0, 1, 0, 0.9667207, 0, 0.25583425, -219.71576, 13.975134, -119.78795), 7], [Vector3(-229.32686, 20.980614, -120.01485), Vector3(0.7678304, 0.5410984, -0.34300005), Transform3D(0.5823894, 0, -0.81290996, 0, 1, 0, 0.81290996, 0, 0.5823894, -229.32686, 20.980614, -120.01485), 7], [Vector3(-212.23315, 7.78836, -127.76464), Vector3(0.32757437, 0.57085454, -0.75287455), Transform3D(-0.82231694, 0, -0.56902975, 0, 1, 0, 0.56902975, 0, -0.82231694, -212.23315, 7.78836, -127.76464), 7], [Vector3(-234.25743, 20.100267, -69.191956), Vector3(0.0811231, 0.9588751, 0.27198806), Transform3D(-0.5889563, 0, 0.80816495, 0, 1, 0, -0.80816495, 0, -0.5889563, -234.25743, 20.100267, -69.191956), 7], [Vector3(-221.60904, 13.55921, -124.34555), Vector3(0.45181265, 0.88737863, 0.091785625), Transform3D(0.7177697, 0, 0.69628066, 0, 1, 0, -0.69628066, 0, 0.7177697, -221.60904, 13.55921, -124.34555), 7], [Vector3(-252.61942, 27.84779, -138.92686), Vector3(0.6629932, 0.48196092, -0.57284707), Transform3D(-0.9603027, 0, 0.2789601, 0, 1, 0, -0.2789601, 0, -0.9603027, -252.61942, 27.84779, -138.92686), 7], [Vector3(-239.05809, 26.173786, -124.92943), Vector3(0.5171981, 0.5106019, -0.6868712), Transform3D(-0.9055267, 0, -0.42428938, 0, 1, 0, 0.42428938, 0, -0.9055267, -239.05809, 26.173786, -124.92943), 7], [Vector3(-245.41571, 29.35767, -128.14485), Vector3(0.5964818, 0.5163446, -0.6144898), Transform3D(-0.63616234, 0, 0.77155524, 0, 1, 0, -0.77155524, 0, -0.63616234, -245.41571, 29.35767, -128.14485), 7], [Vector3(-235.13737, 29.698553, -118.204544), Vector3(0.78151226, 0.51552665, -0.35138425), Transform3D(-0.420474, 0, 0.9073046, 0, 1, 0, -0.9073046, 0, -0.420474, -235.13737, 29.698553, -118.204544), 7], [Vector3(-239.74437, 36.49712, -115.22383), Vector3(0.5183125, 0.8319048, -0.19820829), Transform3D(-0.047452465, 0, -0.99887353, 0, 1, 0, 0.99887353, 0, -0.047452465, -239.74437, 36.49712, -115.22383), 7], [Vector3(-255.33968, 46.04767, -117.77772), Vector3(0.72923106, 0.64604545, -0.22549386), Transform3D(0.9378259, 0, 0.34710607, 0, 1, 0, -0.34710607, 0, 0.9378259, -255.33968, 46.04767, -117.77772), 7], [Vector3(-222.41615, 23.328438, -103.72661), Vector3(0.57766455, 0.63366205, -0.514564), Transform3D(0.9798216, 0, -0.19987418, 0, 1, 0, 0.19987418, 0, 0.9798216, -222.41615, 23.328438, -103.72661), 7], [Vector3(-231.55148, 28.484142, -109.34433), Vector3(0.3972119, 0.86947244, -0.2936672), Transform3D(-0.76471525, 0, -0.64436835, 0, 1, 0, 0.64436835, 0, -0.76471525, -231.55148, 28.484142, -109.34433), 7], [Vector3(-246.20364, 35.26243, -101.65893), Vector3(0.6039229, 0.78976136, 0.10749014), Transform3D(0.22665513, 0, 0.9739751, 0, 1, 0, -0.9739751, 0, 0.22665513, -246.20364, 35.26243, -101.65893), 7], [Vector3(-255.72179, 42.617188, -99.58425), Vector3(0.77780336, 0.6076178, 0.16069384), Transform3D(-0.033865012, 0, -0.9994264, 0, 1, 0, 0.9994264, 0, -0.033865012, -255.72179, 42.617188, -99.58425), 7], [Vector3(-223.17361, 24.786816, -97.498474), Vector3(-0.38720852, 0.91221046, -0.13394646), Transform3D(0.1721385, 0, -0.9850728, 0, 1, 0, 0.9850728, 0, 0.1721385, -223.17361, 24.786816, -97.498474), 7], [Vector3(-234.1434, 28.34591, -92.44629), Vector3(0.19387197, 0.76930165, -0.60876), Transform3D(0.9619006, 0, 0.2733996, 0, 1, 0, -0.2733996, 0, 0.9619006, -234.1434, 28.34591, -92.44629), 7], [Vector3(-244.93794, 31.75139, -93.45361), Vector3(-0.024682596, 0.95786744, 0.28614822), Transform3D(0.31670135, 0, -0.9485253, 0, 1, 0, 0.9485253, 0, 0.31670135, -244.93794, 31.75139, -93.45361), 7], [Vector3(-252.6326, 40.490803, -122.66155), Vector3(0.7807914, 0.6002674, -0.17333162), Transform3D(0.8825569, 0, -0.4702057, 0, 1, 0, 0.4702057, 0, 0.8825569, -252.6326, 40.490803, -122.66155), 7], [Vector3(-231.82881, 25.167313, -97.2517), Vector3(0.35111496, 0.93543583, 0.040965285), Transform3D(0.8809339, 0, 0.47323942, 0, 1, 0, -0.47323942, 0, 0.8809339, -231.82881, 25.167313, -97.2517), 7], [Vector3(-222.9058, 26.811628, -91.6184), Vector3(-0.3072933, 0.8008698, -0.51398295), Transform3D(0.47669518, 0, -0.8790687, 0, 1, 0, 0.8790687, 0, 0.47669518, -222.9058, 26.811628, -91.6184), 7], [Vector3(-233.32928, 24.361073, -76.5565), Vector3(0.07708661, 0.8665249, 0.4931454), Transform3D(0.99811584, 0, -0.06135747, 0, 1, 0, 0.06135747, 0, 0.99811584, -233.32928, 24.361073, -76.5565), 7], [Vector3(-228.98186, 28.918652, -84.111946), Vector3(-0.04618337, 0.81993115, 0.5705963), Transform3D(0.12793481, 0, 0.9917826, 0, 1, 0, -0.9917826, 0, 0.12793481, -228.98186, 28.918652, -84.111946), 7], [Vector3(-255.16454, 41.524654, -126.26656), Vector3(0.6293282, 0.72664195, -0.27556756), Transform3D(0.2261895, 0, 0.9740833, 0, 1, 0, -0.9740833, 0, 0.2261895, -255.16454, 41.524654, -126.26656), 7], [Vector3(-253.51712, 37.960617, -94.54882), Vector3(0.5107333, 0.62525415, 0.59009224), Transform3D(0.6032654, 0, 0.7975405, 0, 1, 0, -0.7975405, 0, 0.6032654, -253.51712, 37.960617, -94.54882), 7], [Vector3(-246.22289, 30.622692, -84.605255), Vector3(-0.18565069, 0.869834, 0.45708063), Transform3D(-0.754211, 0, -0.65663224, 0, 1, 0, 0.65663224, 0, -0.754211, -246.22289, 30.622692, -84.605255), 7], [Vector3(-250.58577, 21.986742, -71.455795), Vector3(0.27054268, 0.9606721, 0.06257613), Transform3D(0.99792206, 0, -0.06443269, 0, 1, 0, 0.06443269, 0, 0.99792206, -250.58577, 21.986742, -71.455795), 7], [Vector3(-238.97038, 35.360126, -111.77214), Vector3(0.7292443, 0.6693312, 0.14212155), Transform3D(0.31578025, 0, 0.9488324, 0, 1, 0, -0.9488324, 0, 0.31578025, -238.97038, 35.360126, -111.77214), 7], [Vector3(-219.60025, 30.890774, -85.39702), Vector3(-0.18468204, 0.7429795, -0.6433304), Transform3D(0.1833885, 0, 0.9830405, 0, 1, 0, -0.9830405, 0, 0.1833885, -219.60025, 30.890774, -85.39702), 7], [Vector3(-246.54295, 24.008596, -76.41493), Vector3(-0.13460822, 0.7414426, 0.65737617), Transform3D(0.99999136, 0, 0.004155775, 0, 1, 0, -0.004155775, 0, 0.99999136, -246.54295, 24.008596, -76.41493), 7], [Vector3(-255.36253, 24.110521, -66.89578), Vector3(0.624124, 0.7714777, 0.12365851), Transform3D(0.997707, 0, 0.067681186, 0, 1, 0, -0.067681186, 0, 0.997707, -255.36253, 24.110521, -66.89578), 7], [Vector3(-224.74142, 28.832355, -76.93659), Vector3(-0.3877527, 0.7048397, 0.5940108), Transform3D(-0.57781386, 0, 0.8161686, 0, 1, 0, -0.8161686, 0, -0.57781386, -224.74142, 28.832355, -76.93659), 7], [Vector3(-220.30391, 22.381195, -65.42365), Vector3(-0.6860575, 0.5327637, 0.4954674), Transform3D(-0.36891136, 0, -0.9294646, 0, 1, 0, 0.9294646, 0, -0.36891136, -220.30391, 22.381195, -65.42365), 7], [Vector3(-237.37291, 27.189505, -81.07467), Vector3(0.17387126, 0.7549368, 0.6323284), Transform3D(-0.5584538, 0, -0.82953566, 0, 1, 0, 0.82953566, 0, -0.5584538, -237.37291, 27.189505, -81.07467), 7], [Vector3(-245.76538, 29.584759, -82.788086), Vector3(-0.009514448, 0.76507837, 0.64386696), Transform3D(-0.13321906, 0, -0.9910866, 0, 1, 0, 0.9910866, 0, -0.13321906, -245.76538, 29.584759, -82.788086), 7], [Vector3(-169.20201, 0, -132.10092), Vector3(-4.237505e-08, 1, 3.3335965e-09), Transform3D(0.9850105, 0, -0.17249438, 0, 1, 0, 0.17249438, 0, 0.9850105, -169.20201, 0, -132.10092), 7], [Vector3(-145.15218, 9.536743e-06, -115.878624), Vector3(1.9713352e-06, 1, -6.635195e-06), Transform3D(-0.69309217, 0, -0.720849, 0, 1, 0, 0.720849, 0, -0.69309217, -145.15218, 9.536743e-06, -115.878624), 7], [Vector3(-157.31999, 1.9073486e-06, -117.10367), Vector3(-5.939471e-07, 1, 1.665655e-06), Transform3D(-0.9737289, 0, 0.22771053, 0, 1, 0, -0.22771053, 0, -0.9737289, -157.31999, 1.9073486e-06, -117.10367), 7], [Vector3(-169.44481, 1.9073486e-06, -116.34343), Vector3(3.3192268e-12, 1, 1.06699836e-10), Transform3D(0.9824348, 0, 0.1866063, 0, 1, 0, -0.1866063, 0, 0.9824348, -169.44481, 1.9073486e-06, -116.34343), 7], [Vector3(-179.67143, 7.247925e-05, -115.23157), Vector3(7.735582e-05, 1, -1.1892541e-05), Transform3D(0.14802296, 0, 0.9889839, 0, 1, 0, -0.9889839, 0, 0.14802296, -179.67143, 7.247925e-05, -115.23157), 7], [Vector3(-193.58139, 0.5295067, -120.53996), Vector3(0.19119902, 0.9223937, -0.3356081), Transform3D(-0.85182154, 0, 0.5238321, 0, 1, 0, -0.5238321, 0, -0.85182154, -193.58139, 0.5295067, -120.53996), 7], [Vector3(-161.02945, 0, -102.01772), Vector3(-3.5992886e-29, 1, 5.447254e-28), Transform3D(-0.077308536, 0, 0.99700725, 0, 1, 0, -0.99700725, 0, -0.077308536, -161.02945, 0, -102.01772), 7], [Vector3(-170.27513, 0, -105.74395), Vector3(1.067475e-15, 1, 8.0457706e-16), Transform3D(0.43217298, 0, -0.90179074, 0, 1, 0, 0.90179074, 0, 0.43217298, -170.27513, 0, -105.74395), 7], [Vector3(-180.49481, 0.0022964478, -104.18145), Vector3(0.0033271858, 0.9999945, 7.863789e-05), Transform3D(0.8575512, 0, 0.51439863, 0, 1, 0, -0.51439863, 0, 0.8575512, -180.49481, 0.0022964478, -104.18145), 7], [Vector3(-147.30313, 1.9073486e-06, -91.37999), Vector3(-3.39739e-06, 1, 2.6660655e-07), Transform3D(0.4184671, 0, -0.908232, 0, 1, 0, 0.908232, 0, 0.4184671, -147.30313, 1.9073486e-06, -91.37999), 7], [Vector3(-155.88564, 0, -94.109695), Vector3(-1.9287658e-17, 1, 4.624823e-18), Transform3D(0.04637096, 0, -0.9989243, 0, 1, 0, 0.9989243, 0, 0.04637096, -155.88564, 0, -94.109695), 7], [Vector3(-168.23949, 0, -92.327095), Vector3(9.5880755e-26, 1, -8.454713e-29), Transform3D(-0.48755002, 0, 0.87309504, 0, 1, 0, -0.87309504, 0, -0.48755002, -168.23949, 0, -92.327095), 7], [Vector3(-179.326, 1.5258789e-05, -91.65212), Vector3(2.8684966e-05, 1, 8.092918e-07), Transform3D(0.9237033, 0, 0.3831086, 0, 1, 0, -0.3831086, 0, 0.9237033, -179.326, 1.5258789e-05, -91.65212), 7], [Vector3(-155.69397, 0, -79.31937), Vector3(-2.0424983e-16, 1, -1.2748838e-18), Transform3D(-0.9485034, 0, 0.31676707, 0, 1, 0, -0.31676707, 0, -0.9485034, -155.69397, 0, -79.31937), 7], [Vector3(-167.35126, 0, -78.14863), Vector3(1.9409416e-25, 1, -9.0660256e-27), Transform3D(0.39529297, 0, 0.9185551, 0, 1, 0, -0.9185551, 0, 0.39529297, -167.35126, 0, -78.14863), 7], [Vector3(-181.55888, 1.5258789e-05, -79.33549), Vector3(2.0974947e-05, 1, 2.111335e-06), Transform3D(-0.8842312, 0, -0.46704942, 0, 1, 0, 0.46704942, 0, -0.8842312, -181.55888, 1.5258789e-05, -79.33549), 7], [Vector3(-154.27028, 1.9073486e-06, -71.87434), Vector3(-4.0894055e-12, 1, -1.5839475e-13), Transform3D(0.48014528, 0, -0.877189, 0, 1, 0, 0.877189, 0, 0.48014528, -154.27028, 1.9073486e-06, -71.87434), 7], [Vector3(-166.38069, -1.9073486e-06, -70.461685), Vector3(-1.4411811e-22, 1, -1.6818984e-22), Transform3D(-0.7310881, 0, -0.6822831, 0, 1, 0, 0.6822831, 0, -0.7310881, -166.38069, -1.9073486e-06, -70.461685), 7], [Vector3(-182.89908, 1.9073486e-06, -65.29735), Vector3(1.3571055e-10, 1, 1.06183985e-10), Transform3D(0.44470206, 0, 0.8956786, 0, 1, 0, -0.8956786, 0, 0.44470206, -182.89908, 1.9073486e-06, -65.29735), 7], [Vector3(-167.42609, 0, -126.21925), Vector3(-4.4713926e-07, 1, 2.5802512e-07), Transform3D(-0.86760235, 0, 0.49725875, 0, 1, 0, -0.49725875, 0, -0.86760235, -167.42609, 0, -126.21925), 7], [Vector3(-188.33977, 0.94545746, -114.121666), Vector3(0.508546, 0.82407624, -0.24955845), Transform3D(0.99171066, 0, -0.12849106, 0, 1, 0, 0.12849106, 0, 0.99171066, -188.33977, 0.94545746, -114.121666), 7], [Vector3(-174.72792, 1.9073486e-06, -67.66545), Vector3(-1.4398978e-20, 1, -8.042186e-21), Transform3D(0.7019739, 0, -0.71220267, 0, 1, 0, 0.71220267, 0, 0.7019739, -174.72792, 1.9073486e-06, -67.66545), 7], [Vector3(-152.60397, 0.0017986298, -123.014984), Vector3(-0.00048814435, 0.9999981, 0.0019042861), Transform3D(0.44448912, 0, -0.89578426, 0, 1, 0, 0.89578426, 0, 0.44448912, -152.60397, 0.0017986298, -123.014984), 7], [Vector3(-157.4207, 0, -107.21096), Vector3(-1.4866106e-14, 1, 1.4106003e-13), Transform3D(0.49068, 0, 0.87133986, 0, 1, 0, -0.87133986, 0, 0.49068, -157.4207, 0, -107.21096), 7], [Vector3(-176.17409, 0, -79.43351), Vector3(1.1391307e-11, 1, 3.238846e-13), Transform3D(0.6540955, 0, -0.756412, 0, 1, 0, 0.756412, 0, 0.6540955, -176.17409, 0, -79.43351), 7], [Vector3(-151.63092, 0, -105.1749), Vector3(-8.926849e-08, 1, 1.0019654e-07), Transform3D(0.92406034, 0, -0.38224667, 0, 1, 0, 0.38224667, 0, 0.92406034, -151.63092, 0, -105.1749), 7], [Vector3(-152.07854, 0, -71.923355), Vector3(-2.2396414e-09, 1, -1.1015869e-10), Transform3D(0.9495349, 0, 0.31366146, 0, 1, 0, -0.31366146, 0, 0.9495349, -152.07854, 0, -71.923355), 7], [Vector3(-200.3597, 40.68954, -105.87517), Vector3(0.10018205, -0.009758836, -0.99492127), Transform3D(0.18062286, 0, 0.98355246, 0, 1, 0, -0.98355246, 0, 0.18062286, -200.3597, 40.68954, -105.87517), 7]]
max_members = 75
min_leaf_extent = 1.0
octant = 4
is_leaf = true
center_pos = Vector3(-273, -43, -193)
extent = 128.0
bounds = AABB(-401, -171, -321, 256, 256, 256)
max_bounds_to_center_dist = 221.70250336881628
min_bounds_to_center_dist = 128.0
active_LOD_index = 0
metadata/class = "MMIOctreeNode"

[sub_resource type="Resource" id="Resource_k4prm"]
resource_local_to_scene = true
resource_name = "MMIOctreeNode"
script = ExtResource("10_pdyqn")
max_members = 75
min_leaf_extent = 1.0
is_leaf = true
center_pos = Vector3(-337, -107, -1)
extent = 64.0
bounds = AABB(-401, -171, -65, 128, 128, 128)
max_bounds_to_center_dist = 110.85125168440814
min_bounds_to_center_dist = 64.0
active_LOD_index = 0
metadata/class = "MMIOctreeNode"

[sub_resource type="Resource" id="Resource_4f0m8"]
resource_local_to_scene = true
resource_name = "MMIOctreeNode"
script = ExtResource("10_pdyqn")
max_members = 75
min_leaf_extent = 1.0
octant = 1
is_leaf = true
center_pos = Vector3(-337, -107, 127)
extent = 64.0
bounds = AABB(-401, -171, 63, 128, 128, 128)
max_bounds_to_center_dist = 110.85125168440814
min_bounds_to_center_dist = 64.0
active_LOD_index = 0
metadata/class = "MMIOctreeNode"

[sub_resource type="Resource" id="Resource_wgjca"]
resource_local_to_scene = true
resource_name = "MMIOctreeNode"
script = ExtResource("10_pdyqn")
max_members = 75
min_leaf_extent = 1.0
octant = 2
is_leaf = true
center_pos = Vector3(-337, 21, -1)
extent = 64.0
bounds = AABB(-401, -43, -65, 128, 128, 128)
max_bounds_to_center_dist = 110.85125168440814
min_bounds_to_center_dist = 64.0
active_LOD_index = 0
metadata/class = "MMIOctreeNode"

[sub_resource type="Resource" id="Resource_bhjje"]
resource_local_to_scene = true
resource_name = "MMIOctreeNode"
script = ExtResource("10_pdyqn")
max_members = 75
min_leaf_extent = 1.0
octant = 3
is_leaf = true
center_pos = Vector3(-337, 21, 127)
extent = 64.0
bounds = AABB(-401, -43, 63, 128, 128, 128)
max_bounds_to_center_dist = 110.85125168440814
min_bounds_to_center_dist = 64.0
active_LOD_index = 0
metadata/class = "MMIOctreeNode"

[sub_resource type="Resource" id="Resource_yrhgu"]
resource_local_to_scene = true
resource_name = "MMIOctreeNode"
script = ExtResource("10_pdyqn")
max_members = 75
min_leaf_extent = 1.0
octant = 4
is_leaf = true
center_pos = Vector3(-209, -107, -1)
extent = 64.0
bounds = AABB(-273, -171, -65, 128, 128, 128)
max_bounds_to_center_dist = 110.85125168440814
min_bounds_to_center_dist = 64.0
active_LOD_index = 0
metadata/class = "MMIOctreeNode"

[sub_resource type="Resource" id="Resource_a0ttt"]
resource_local_to_scene = true
resource_name = "MMIOctreeNode"
script = ExtResource("10_pdyqn")
max_members = 75
min_leaf_extent = 1.0
octant = 5
is_leaf = true
center_pos = Vector3(-209, -107, 127)
extent = 64.0
bounds = AABB(-273, -171, 63, 128, 128, 128)
max_bounds_to_center_dist = 110.85125168440814
min_bounds_to_center_dist = 64.0
active_LOD_index = 0
metadata/class = "MMIOctreeNode"

[sub_resource type="Resource" id="Resource_hxb2w"]
resource_local_to_scene = true
resource_name = "MMIOctreeNode"
script = ExtResource("10_pdyqn")
member_placeforms = [[Vector3(-239.65103, 18.553438, -62.02029), Vector3(0.09513407, 0.9556387, 0.27875468), Transform3D(-0.33357844, 0, -0.9427223, 0, 1, 0, 0.9427223, 0, -0.33357844, -239.65103, 18.553438, -62.02029), 6], [Vector3(-226.2124, 12.099966, -55.821003), Vector3(-0.07544562, 0.8037394, 0.5901787), Transform3D(-0.27643326, 0, -0.9610331, 0, 1, 0, 0.9610331, 0, -0.27643326, -226.2124, 12.099966, -55.821003), 6], [Vector3(-232.88736, 6.138262, -47.571846), Vector3(0.18103492, 0.92032, -0.3467529), Transform3D(0.98848754, 0, -0.15130211, 0, 1, 0, 0.15130211, 0, 0.98848754, -232.88736, 6.138262, -47.571846), 6], [Vector3(-249.0222, 13.124442, -46.519215), Vector3(0.581199, 0.70867485, 0.39998466), Transform3D(-0.82078046, 0, -0.57124376, 0, 1, 0, 0.57124376, 0, -0.82078046, -249.0222, 13.124442, -46.519215), 2], [Vector3(-245.84439, 8.141365, -35.57242), Vector3(0.050690625, 0.99301237, -0.10656897), Transform3D(0.20261103, 0, -0.9792593, 0, 1, 0, 0.9792593, 0, 0.20261103, -245.84439, 8.141365, -35.57242), 2], [Vector3(-238.84415, 15.671652, -57.43878), Vector3(0.24065025, 0.84661114, 0.47469684), Transform3D(-0.3314328, 0, -0.9434788, 0, 1, 0, 0.9434788, 0, -0.3314328, -238.84415, 15.671652, -57.43878), 6], [Vector3(-249.75934, 12.384239, -27.88474), Vector3(0.6557563, 0.70211536, -0.2775207), Transform3D(0.22263612, 0, 0.9749016, 0, 1, 0, -0.9749016, 0, 0.22263612, -249.75934, 12.384239, -27.88474), 3], [Vector3(-250.88309, 20.608809, -58.018433), Vector3(0.6969395, 0.63697416, 0.32945305), Transform3D(0.3092236, 0, -0.95098937, 0, 1, 0, 0.95098937, 0, 0.3092236, -250.88309, 20.608809, -58.018433), 2], [Vector3(-231.90445, 5.3322797, -35.935387), Vector3(0.06470922, 0.78121614, 0.6208978), Transform3D(-0.97863406, 0, 0.20560968, 0, 1, 0, -0.20560968, 0, -0.97863406, -231.90445, 5.3322797, -35.935387), 6], [Vector3(-242.79283, 8.6495, -24.97524), Vector3(0.65007806, 0.5513765, -0.52286), Transform3D(0.89064956, 0, 0.45469043, 0, 1, 0, -0.45469043, 0, 0.89064956, -242.79283, 8.6495, -24.97524), 3], [Vector3(-226.21738, 16.433998, -60.67869), Vector3(0.24018446, 0.7145295, 0.65708375), Transform3D(-0.5295719, 0, 0.84826505, 0, 1, 0, -0.84826505, 0, -0.5295719, -226.21738, 16.433998, -60.67869), 6], [Vector3(-217.72745, 6.782659, -36.57754), Vector3(-0.45297268, 0.89126796, -0.021383781), Transform3D(0.20030855, 0, 0.9797329, 0, 1, 0, -0.9797329, 0, 0.20030855, -217.72745, 6.782659, -36.57754), 6], [Vector3(-250.64786, 9.322471, -40.41831), Vector3(0.39345506, 0.7742498, 0.4957121), Transform3D(-0.99367714, 0, 0.11227535, 0, 1, 0, -0.11227535, 0, -0.99367714, -250.64786, 9.322471, -40.41831), 2], [Vector3(-234.02562, 2.2043514, -27.599483), Vector3(0.05147884, 0.99341106, 0.10239375), Transform3D(0.9052399, 0, -0.42490098, 0, 1, 0, 0.42490098, 0, 0.9052399, -234.02562, 2.2043514, -27.599483), 7], [Vector3(-241.7462, 9.779961, -45.145832), Vector3(0.4645734, 0.7579559, 0.45790228), Transform3D(-0.7169987, 0, -0.69707453, 0, 1, 0, 0.69707453, 0, -0.7169987, -241.7462, 9.779961, -45.145832), 2], [Vector3(-231.00517, 8.766109, -15.911875), Vector3(0.44825697, 0.5772662, -0.68251705), Transform3D(-0.029802276, 0, 0.9995558, 0, 1, 0, -0.9995558, 0, -0.029802276, -231.00517, 8.766109, -15.911875), 7], [Vector3(-248.334, 19.978838, -64.733604), Vector3(0.21868262, 0.9061303, 0.3620854), Transform3D(-0.7544944, 0, -0.65630645, 0, 1, 0, 0.65630645, 0, -0.7544944, -248.334, 19.978838, -64.733604), 2], [Vector3(-209.26439, 16.11782, -14.076036), Vector3(-0.31512642, 0.91992164, 0.23332295), Transform3D(0.9242138, 0, 0.3818754, 0, 1, 0, -0.3818754, 0, 0.9242138, -209.26439, 16.11782, -14.076036), 7], [Vector3(-224.37135, 9.552654, -8.44509), Vector3(0.33234093, 0.8973054, 0.29050395), Transform3D(0.93990636, 0, 0.34143227, 0, 1, 0, -0.34143227, 0, 0.93990636, -224.37135, 9.552654, -8.44509), 7], [Vector3(-238.59644, 13.526257, -17.494995), Vector3(0.7084723, 0.4794193, -0.5179036), Transform3D(0.23982447, 0, -0.97081625, 0, 1, 0, 0.97081625, 0, 0.23982447, -238.59644, 13.526257, -17.494995), 7], [Vector3(-248.5906, 16.072224, -23.350622), Vector3(0.3992396, 0.556918, -0.72832006), Transform3D(-0.11025174, 0, 0.9939037, 0, 1, 0, -0.9939037, 0, -0.11025174, -248.5906, 16.072224, -23.350622), 3], [Vector3(-255.16757, 16.654448, -32.24835), Vector3(0.7976301, 0.5535239, -0.23957798), Transform3D(0.21409118, 0, -0.9768137, 0, 1, 0, 0.9768137, 0, 0.21409118, -255.16757, 16.654448, -32.24835), 3], [Vector3(-234.76741, 17.86351, -10.136517), Vector3(0.7393475, 0.5926464, -0.3195865), Transform3D(0.9696541, 0, -0.24448098, 0, 1, 0, 0.24448098, 0, 0.9696541, -234.76741, 17.86351, -10.136517), 7], [Vector3(-216.84245, 10.131725, -23.559404), Vector3(-0.80129665, 0.5436835, 0.24966356), Transform3D(-0.9666825, 0, 0.25597852, 0, 1, 0, -0.25597852, 0, -0.9666825, -216.84245, 10.131725, -23.559404), 7], [Vector3(-229.23692, 4.006237, -19.715563), Vector3(0.08934624, 0.61661696, -0.782177), Transform3D(-0.84540015, 0, -0.5341336, 0, 1, 0, 0.5341336, 0, -0.84540015, -229.23692, 4.006237, -19.715563), 7], [Vector3(-216.00847, 10.208418, -12.725344), Vector3(-0.63986593, 0.7017206, -0.31330475), Transform3D(-0.884125, 0, 0.46725044, 0, 1, 0, -0.46725044, 0, -0.884125, -216.00847, 10.208418, -12.725344), 7], [Vector3(-216.34627, 10.086336, -4.3014536), Vector3(-0.46701118, 0.84035504, 0.27514362), Transform3D(-0.74850744, 0, 0.6631264, 0, 1, 0, -0.6631264, 0, -0.74850744, -216.34627, 10.086336, -4.3014536), 7], [Vector3(-227.82704, 12.448377, -1.7255921), Vector3(0.47404376, 0.6185613, -0.6266295), Transform3D(-0.44336435, 0, -0.8963415, 0, 1, 0, 0.8963415, 0, -0.44336435, -227.82704, 12.448377, -1.7255921), 7]]
max_members = 75
min_leaf_extent = 1.0
is_leaf = true
center_pos = Vector3(-241, -11, -33)
extent = 32.0
bounds = AABB(-273, -43, -65, 64, 64, 64)
max_bounds_to_center_dist = 55.42562584220407
min_bounds_to_center_dist = 32.0
active_LOD_index = 0
metadata/class = "MMIOctreeNode"

[sub_resource type="Resource" id="Resource_w1jcc"]
resource_local_to_scene = true
resource_name = "MMIOctreeNode"
script = ExtResource("10_pdyqn")
member_placeforms = [[Vector3(-218.92195, 16.054958, 4.9912615), Vector3(-0.14549294, 0.7836229, -0.60395944), Transform3D(0.76601225, 0, -0.64282596, 0, 1, 0, 0.64282596, 0, 0.76601225, -218.92195, 16.054958, 4.9912615), 6], [Vector3(-227.8456, 17.776356, 4.9680877), Vector3(0.06761707, 0.73091465, -0.67911094), Transform3D(-0.7113613, 0, 0.70282656, 0, 1, 0, -0.70282656, 0, -0.7113613, -227.8456, 17.776356, 4.9680877), 6], [Vector3(-229.50896, 19.503881, 42.399563), Vector3(0.39649597, 0.6628998, 0.63510233), Transform3D(0.09462049, 0, -0.99551344, 0, 1, 0, 0.99551344, 0, 0.09462049, -229.50896, 19.503881, 42.399563), 7], [Vector3(-213.49193, 20.972439, 32.473457), Vector3(0.5590555, 0.73505497, 0.3836029), Transform3D(0.056946732, 0, -0.99837726, 0, 1, 0, 0.99837726, 0, 0.056946732, -213.49193, 20.972439, 32.473457), 7], [Vector3(-217.28365, 15.998278, 43.509), Vector3(0.06564126, 0.7410063, 0.66828203), Transform3D(0.8061915, 0, -0.59165466, 0, 1, 0, 0.59165466, 0, 0.8061915, -217.28365, 15.998278, 43.509), 7], [Vector3(-240.83156, 19.91575, 45.176964), Vector3(0.19510898, 0.86990756, 0.4529828), Transform3D(-0.15254736, 0, -0.9882962, 0, 1, 0, 0.9882962, 0, -0.15254736, -240.83156, 19.91575, 45.176964), 7], [Vector3(-212.2092, 14.095391, 47.888115), Vector3(0.050127227, 0.8893774, 0.4544173), Transform3D(0.36809835, 0, 0.92978686, 0, 1, 0, -0.92978686, 0, 0.36809835, -212.2092, 14.095391, 47.888115), 7], [Vector3(-217.00453, 9.298698, 57.842274), Vector3(0.3541995, 0.8687066, 0.3462537), Transform3D(0.5119705, 0, 0.859003, 0, 1, 0, -0.859003, 0, 0.5119705, -217.00453, 9.298698, 57.842274), 7], [Vector3(-232.46571, 13.242519, 61.098705), Vector3(0.14139654, 0.9577844, 0.25031206), Transform3D(-0.9991614, 0, -0.04094464, 0, 1, 0, 0.04094464, 0, -0.9991614, -232.46571, 13.242519, 61.098705), 7], [Vector3(-223.72705, 11.672949, 50.220325), Vector3(0.53435737, 0.7803734, 0.32477626), Transform3D(-0.99277896, 0, -0.11995826, 0, 1, 0, 0.11995826, 0, -0.99277896, -223.72705, 11.672949, 50.220325), 7], [Vector3(-232.2795, 14.269646, 50.414658), Vector3(0.49008197, 0.7928306, 0.3622697), Transform3D(-0.20359972, 0, -0.9790542, 0, 1, 0, 0.9790542, 0, -0.20359972, -232.2795, 14.269646, 50.414658), 7], [Vector3(-248.08812, 17.314322, 62.505184), Vector3(0.34859803, 0.92698735, 0.13846959), Transform3D(-0.92769355, 0, 0.37334272, 0, 1, 0, -0.37334272, 0, -0.92769355, -248.08812, 17.314322, 62.505184), 3], [Vector3(-253.61679, 20.985474, 61.25019), Vector3(0.6838931, 0.6666039, 0.2965292), Transform3D(0.7313903, 0, 0.6819591, 0, 1, 0, -0.6819591, 0, 0.7313903, -253.61679, 20.985474, 61.25019), 3], [Vector3(-209.96292, 7.217762, 57.85547), Vector3(-0.024554728, 0.67529106, 0.7371425), Transform3D(-0.72112197, 0, -0.69280815, 0, 1, 0, 0.69280815, 0, -0.72112197, -209.96292, 7.217762, 57.85547), 7]]
max_members = 75
min_leaf_extent = 1.0
octant = 1
is_leaf = true
center_pos = Vector3(-241, -11, 31)
extent = 32.0
bounds = AABB(-273, -43, -1, 64, 64, 64)
max_bounds_to_center_dist = 55.42562584220407
min_bounds_to_center_dist = 32.0
active_LOD_index = 0
metadata/class = "MMIOctreeNode"

[sub_resource type="Resource" id="Resource_kbgbe"]
resource_local_to_scene = true
resource_name = "MMIOctreeNode"
script = ExtResource("10_pdyqn")
member_placeforms = [[Vector3(-254.98555, 24.266357, -53.88141), Vector3(0.7174928, 0.69651455, -0.008457206), Transform3D(0.5949787, 0, -0.80374146, 0, 1, 0, 0.80374146, 0, 0.5949787, -254.98555, 24.266357, -53.88141), 0], [Vector3(-247.27126, 25.924301, -13.39914), Vector3(0.27843037, 0.76813793, -0.5765767), Transform3D(0.9907897, 0, 0.13540971, 0, 1, 0, -0.13540971, 0, 0.9907897, -247.27126, 25.924301, -13.39914), 1], [Vector3(-243.59981, 26.594442, -7.1535482), Vector3(0.62473756, 0.7226927, -0.29566568), Transform3D(-0.8739903, 0, 0.48594338, 0, 1, 0, -0.48594338, 0, -0.8739903, -243.59981, 26.594442, -7.1535482), 1], [Vector3(-254.80412, 23.225124, -24.05402), Vector3(0.60242057, 0.46947047, -0.64551294), Transform3D(0.4601737, 0, -0.8878289, 0, 1, 0, 0.8878289, 0, 0.4601737, -254.80412, 23.225124, -24.05402), 1], [Vector3(-254.07932, 27.156683, -19.821972), Vector3(0.6628382, 0.5250621, -0.533812), Transform3D(0.96436554, 0, -0.26457348, 0, 1, 0, 0.26457348, 0, 0.96436554, -254.07932, 27.156683, -19.821972), 1], [Vector3(-251.37906, 32.595016, -3.2288523), Vector3(0.53952503, 0.7896799, -0.29209337), Transform3D(-0.055317838, 0, -0.9984688, 0, 1, 0, 0.9984688, 0, -0.055317838, -251.37906, 32.595016, -3.2288523), 1]]
max_members = 75
min_leaf_extent = 1.0
octant = 2
is_leaf = true
center_pos = Vector3(-241, 53, -33)
extent = 32.0
bounds = AABB(-273, 21, -65, 64, 64, 64)
max_bounds_to_center_dist = 55.42562584220407
min_bounds_to_center_dist = 32.0
active_LOD_index = 0
metadata/class = "MMIOctreeNode"

[sub_resource type="Resource" id="Resource_jrcfp"]
resource_local_to_scene = true
resource_name = "MMIOctreeNode"
script = ExtResource("10_pdyqn")
member_placeforms = [[Vector3(-239.33699, 23.483147, 8.254609), Vector3(0.62544906, 0.70957094, 0.3245343), Transform3D(-0.2449176, 0, 0.96954393, 0, 1, 0, -0.96954393, 0, -0.2449176, -239.33699, 23.483147, 8.254609), 4], [Vector3(-252.47913, 33.414883, 3.4880543), Vector3(0.057131484, 0.99645215, 0.061799314), Transform3D(0.65901583, 0, -0.7521291, 0, 1, 0, 0.7521291, 0, 0.65901583, -252.47913, 33.414883, 3.4880543), 0], [Vector3(-221.14023, 28.356192, 16.580528), Vector3(0.17851947, 0.78700715, -0.5905511), Transform3D(-0.9999045, 0, 0.013818308, 0, 1, 0, -0.013818308, 0, -0.9999045, -221.14023, 28.356192, 16.580528), 4], [Vector3(-233.0831, 21.402157, 14.502163), Vector3(-0.021322079, 0.81035954, -0.58554494), Transform3D(-0.22925629, 0, -0.97336614, 0, 1, 0, 0.97336614, 0, -0.22925629, -233.0831, 21.402157, 14.502163), 4], [Vector3(-244.50745, 25.094467, 16.353153), Vector3(0.5899987, 0.7994264, -0.11322137), Transform3D(0.85515547, 0, -0.5183716, 0, 1, 0, 0.5183716, 0, 0.85515547, -244.50745, 25.094467, 16.353153), 0], [Vector3(-242.619, 24.45217, 28.411766), Vector3(0.33599973, 0.920019, 0.20166652), Transform3D(0.7758936, 0, -0.6308638, 0, 1, 0, 0.6308638, 0, 0.7758936, -242.619, 24.45217, 28.411766), 0], [Vector3(-250.8375, 31.456778, 29.622473), Vector3(0.61104304, 0.73664, 0.28980696), Transform3D(0.9881034, 0, -0.15379131, 0, 1, 0, 0.15379131, 0, 0.9881034, -250.8375, 31.456778, 29.622473), 0], [Vector3(-221.33351, 27.142248, 33.305), Vector3(0.4026892, 0.74356586, 0.53380823), Transform3D(-0.4904249, 0, -0.87148345, 0, 1, 0, 0.87148345, 0, -0.4904249, -221.33351, 27.142248, 33.305), 5], [Vector3(-253.60677, 35.43779, 18.696587), Vector3(0.57866585, 0.77774537, -0.24547529), Transform3D(-0.6095409, 0, -0.79275465, 0, 1, 0, 0.79275465, 0, -0.6095409, -253.60677, 35.43779, 18.696587), 0], [Vector3(-239.81126, 22.560766, 40.203915), Vector3(0.02395705, 0.9393758, 0.34205136), Transform3D(0.67352444, 0, 0.73916495, 0, 1, 0, -0.73916495, 0, 0.67352444, -239.81126, 22.560766, 40.203915), 5], [Vector3(-241.01881, 24.250061, -0.4381346), Vector3(0.55781364, 0.7672218, -0.3165671), Transform3D(-0.6299344, 0, -0.77664834, 0, 1, 0, 0.77664834, 0, -0.6299344, -241.01881, 24.250061, -0.4381346), 0], [Vector3(-247.35542, 22.615599, 38.83049), Vector3(-0.19022435, 0.6462488, 0.7390381), Transform3D(-0.17123047, 0, -0.985231, 0, 1, 0, 0.985231, 0, -0.17123047, -247.35542, 22.615599, 38.83049), 1], [Vector3(-223.05363, 23.260965, 38.96153), Vector3(0.06178411, 0.7018844, 0.70960623), Transform3D(0.7230229, 0, 0.6908241, 0, 1, 0, -0.6908241, 0, 0.7230229, -223.05363, 23.260965, 38.96153), 5], [Vector3(-254.6617, 24.022188, 39.557472), Vector3(0.66609937, 0.7273914, 0.16496472), Transform3D(-0.83674127, 0, 0.5475984, 0, 1, 0, -0.5475984, 0, -0.83674127, -254.6617, 24.022188, 39.557472), 1], [Vector3(-254.68752, 23.008615, 53.698345), Vector3(0.5641647, 0.7173827, 0.40875468), Transform3D(-0.5913805, 0, -0.80639267, 0, 1, 0, 0.80639267, 0, -0.5913805, -254.68752, 23.008615, 53.698345), 1], [Vector3(-239.70709, 23.362488, 20.429518), Vector3(0.41768536, 0.8071067, -0.41727433), Transform3D(-0.47394145, 0, 0.88055634, 0, 1, 0, -0.88055634, 0, -0.47394145, -239.70709, 23.362488, 20.429518), 4], [Vector3(-254.94087, 24.256342, 44.770393), Vector3(0.5427667, 0.8383151, -0.051304206), Transform3D(0.9976719, 0, 0.06819664, 0, 1, 0, -0.06819664, 0, 0.9976719, -254.94087, 24.256342, 44.770393), 1], [Vector3(-225.77702, 27.17639, 34.12611), Vector3(-0.104820214, 0.74846417, 0.65483904), Transform3D(0.21183483, 0, 0.9773055, 0, 1, 0, -0.9773055, 0, 0.21183483, -225.77702, 27.17639, 34.12611), 5]]
max_members = 75
min_leaf_extent = 1.0
octant = 3
is_leaf = true
center_pos = Vector3(-241, 53, 31)
extent = 32.0
bounds = AABB(-273, 21, -1, 64, 64, 64)
max_bounds_to_center_dist = 55.42562584220407
min_bounds_to_center_dist = 32.0
active_LOD_index = 0
metadata/class = "MMIOctreeNode"

[sub_resource type="Resource" id="Resource_h6ks2"]
resource_local_to_scene = true
resource_name = "MMIOctreeNode"
script = ExtResource("10_pdyqn")
