<<<<<<< Updated upstream
[gd_scene load_steps=363 format=3 uid="uid://n0kjj88rjuor"]
=======
[gd_scene load_steps=622 format=3 uid="uid://n0kjj88rjuor"]
>>>>>>> Stashed changes

[ext_resource type="Script" uid="uid://dnrelw0fv4ou8" path="res://addons/zylann.hterrain/hterrain.gd" id="1_fa63b"]
[ext_resource type="Resource" uid="uid://kswptg5hojwh" path="res://wendigoTerrainMap/data.hterrain" id="2_1mri4"]
[ext_resource type="Script" uid="uid://bijdjc8imckni" path="res://addons/zylann.hterrain/hterrain_texture_set.gd" id="2_05m3n"]
[ext_resource type="Texture2D" uid="uid://uvty2e4akmu3" path="res://Wendigo Level/WendigoTestMap/wendigo_forest_slot0_albedo_bump.png" id="4_6km8e"]
[ext_resource type="Texture2D" uid="uid://bnc7knvobvmam" path="res://Wendigo Level/WendigoTestMap/wendigo_forest_slot1_albedo_bump.png" id="5_mqwve"]
[ext_resource type="Texture2D" uid="uid://cm5pnnq8bn8o0" path="res://wendigoTerrainMap/ground-SticksLeaves.png" id="6_mqwve"]
[ext_resource type="Texture2D" uid="uid://c88ygew4thkdt" path="res://Wendigo Level/WendigoTestMap/wendigo_forest_slot0_normal_roughness.png" id="6_uaxvo"]
[ext_resource type="Texture2D" uid="uid://d2rnd2qiej447" path="res://Wendigo Level/WendigoTestMap/wendigo_forest_slot1_normal_roughness.png" id="7_b1vwf"]
[ext_resource type="Script" uid="uid://bc7pailucq83t" path="res://addons/dreadpon.spatial_gardener/gardener/gardener.gd" id="9_q4s1m"]
[ext_resource type="Script" uid="uid://dieiojnt518h" path="res://addons/dreadpon.spatial_gardener/arborist/mmi_octree/mmi_octree_node.gd" id="10_pdyqn"]
[ext_resource type="Script" uid="uid://c4s4x5b27vdf6" path="res://addons/dreadpon.spatial_gardener/arborist/mmi_octree/mmi_octree_manager.gd" id="11_qusdq"]
[ext_resource type="Script" uid="uid://d1pavk3gl4atd" path="res://addons/dreadpon.spatial_gardener/arborist/arborist.gd" id="12_np73x"]
[ext_resource type="PackedScene" uid="uid://dbali5u4o76qd" path="res://Wendigo Level/WendigoCharacter/wendigoAi.tscn" id="13_pdyqn"]
[ext_resource type="PackedScene" uid="uid://cwqd117ianhrh" path="res://globalScenes/z.tscn" id="14_qusdq"]
[ext_resource type="Texture2D" uid="uid://bdnei7nra2707" path="res://Assets/Materials/ProgressUnder.png" id="15_n1si7"]
[ext_resource type="Texture2D" uid="uid://3omsqjf7hpnp" path="res://Assets/Materials/ProgressBar.png" id="16_8yfk1"]
[ext_resource type="Script" path="res://globalScenes/pause_menu.gd" id="17_o2n4u"]
[ext_resource type="FontFile" uid="uid://bmtr4hnwlwqdp" path="res://Assets/Materials/StartScreenAssets/BungeeFont/BungeeTint-Regular.ttf" id="18_t4o41"]
[ext_resource type="AudioStream" uid="uid://dcxd3btis03eu" path="res://Assets/SFX/buttonPressNoise.wav" id="19_lopn4"]

[sub_resource type="Resource" id="Resource_1mri4"]
script = ExtResource("2_05m3n")
mode = 0
textures = [[ExtResource("4_6km8e"), ExtResource("5_mqwve"), ExtResource("6_mqwve")], [ExtResource("6_uaxvo"), ExtResource("7_b1vwf"), ExtResource("6_mqwve")]]

[sub_resource type="Resource" id="Resource_a6tk3"]
resource_local_to_scene = true
resource_name = "MMIOctreeNode"
script = ExtResource("10_pdyqn")
max_members = 75
min_leaf_extent = 1.0
is_leaf = true
center_pos = Vector3(-449, -213, -335)
extent = 128.0
bounds = AABB(-577, -341, -463, 256, 256, 256)
max_bounds_to_center_dist = 221.70250336881628
min_bounds_to_center_dist = 128.0
active_LOD_index = 0
metadata/class = "MMIOctreeNode"

[sub_resource type="Resource" id="Resource_2tp4q"]
resource_local_to_scene = true
resource_name = "MMIOctreeNode"
script = ExtResource("10_pdyqn")
max_members = 75
min_leaf_extent = 1.0
octant = 1
is_leaf = true
center_pos = Vector3(-449, -213, -79)
extent = 128.0
bounds = AABB(-577, -341, -207, 256, 256, 256)
max_bounds_to_center_dist = 221.70250336881628
min_bounds_to_center_dist = 128.0
active_LOD_index = 0
metadata/class = "MMIOctreeNode"

[sub_resource type="Resource" id="Resource_2mrv6"]
resource_local_to_scene = true
resource_name = "MMIOctreeNode"
script = ExtResource("10_pdyqn")
max_members = 75
min_leaf_extent = 1.0
octant = 2
is_leaf = true
center_pos = Vector3(-449, 43, -335)
extent = 128.0
bounds = AABB(-577, -85, -463, 256, 256, 256)
max_bounds_to_center_dist = 221.70250336881628
min_bounds_to_center_dist = 128.0
active_LOD_index = 0
metadata/class = "MMIOctreeNode"

[sub_resource type="Resource" id="Resource_oyf44"]
resource_local_to_scene = true
resource_name = "MMIOctreeNode"
script = ExtResource("10_pdyqn")
max_members = 75
min_leaf_extent = 1.0
octant = 3
is_leaf = true
center_pos = Vector3(-449, 43, -79)
extent = 128.0
bounds = AABB(-577, -85, -207, 256, 256, 256)
max_bounds_to_center_dist = 221.70250336881628
min_bounds_to_center_dist = 128.0
active_LOD_index = 0
metadata/class = "MMIOctreeNode"

[sub_resource type="Resource" id="Resource_do4xf"]
resource_local_to_scene = true
resource_name = "MMIOctreeNode"
script = ExtResource("10_pdyqn")
max_members = 75
min_leaf_extent = 1.0
octant = 4
is_leaf = true
center_pos = Vector3(-193, -213, -335)
extent = 128.0
bounds = AABB(-321, -341, -463, 256, 256, 256)
max_bounds_to_center_dist = 221.70250336881628
min_bounds_to_center_dist = 128.0
active_LOD_index = 0
metadata/class = "MMIOctreeNode"

[sub_resource type="Resource" id="Resource_58x4i"]
resource_local_to_scene = true
resource_name = "MMIOctreeNode"
script = ExtResource("10_pdyqn")
max_members = 75
min_leaf_extent = 1.0
octant = 5
is_leaf = true
center_pos = Vector3(-193, -213, -79)
extent = 128.0
bounds = AABB(-321, -341, -207, 256, 256, 256)
max_bounds_to_center_dist = 221.70250336881628
min_bounds_to_center_dist = 128.0
active_LOD_index = 0
metadata/class = "MMIOctreeNode"

[sub_resource type="Resource" id="Resource_uktbv"]
resource_local_to_scene = true
resource_name = "MMIOctreeNode"
script = ExtResource("10_pdyqn")
max_members = 75
min_leaf_extent = 1.0
is_leaf = true
center_pos = Vector3(-257, -21, -399)
extent = 64.0
bounds = AABB(-321, -85, -463, 128, 128, 128)
max_bounds_to_center_dist = 110.85125168440814
min_bounds_to_center_dist = 64.0
active_LOD_index = 0
metadata/class = "MMIOctreeNode"

[sub_resource type="Resource" id="Resource_hhrgf"]
resource_local_to_scene = true
resource_name = "MMIOctreeNode"
script = ExtResource("10_pdyqn")
member_placeforms = [[Vector3(-204.61728, 8.945143, -252.75264), Vector3(-0.5181971, 0.7617317, 0.38889158), Transform3D(0.75890386, 0, 0.6512027, 0, 1, 0, -0.6512027, 0, 0.75890386, -204.61728, 8.945143, -252.75264), 7], [Vector3(-196.06453, 6.7295613, -241.48146), Vector3(0.03963101, 0.6580073, 0.7519679), Transform3D(-0.9230079, 0, 0.38478094, 0, 1, 0, -0.38478094, 0, -0.9230079, -196.06453, 6.7295613, -241.48146), 7], [Vector3(-207.4683, 7.840954, -244.7555), Vector3(0.13154191, 0.897032, -0.42193636), Transform3D(-0.047202047, 0, 0.9988854, 0, 1, 0, -0.9988854, 0, -0.047202047, -207.4683, 7.840954, -244.7555), 7], [Vector3(-199.1125, 2.5390577, -233.26324), Vector3(0.17332096, 0.9314195, -0.32002756), Transform3D(-0.13323347, 0, -0.9910847, 0, 1, 0, 0.9910847, 0, -0.13323347, -199.1125, 2.5390577, -233.26324), 7], [Vector3(-208.40001, 7.912716, -234.26202), Vector3(0.27123255, 0.9564946, -0.10747584), Transform3D(0.97355866, 0, -0.22843707, 0, 1, 0, 0.22843707, 0, 0.97355866, -208.40001, 7.912716, -234.26202), 7], [Vector3(-194.64464, 13.297707, -248.12062), Vector3(0.18223839, 0.88232267, 0.43393078), Transform3D(0.6616487, 0, -0.749814, 0, 1, 0, 0.749814, 0, 0.6616487, -194.64464, 13.297707, -248.12062), 7], [Vector3(-207.30396, 8.8104725, -227.98474), Vector3(0.06756332, 0.9649972, -0.25340822), Transform3D(0.9532152, 0, -0.30229262, 0, 1, 0, 0.30229262, 0, 0.9532152, -207.30396, 8.8104725, -227.98474), 7], [Vector3(-217.82368, 6.688628, -242.47966), Vector3(-0.8045002, 0.41394067, 0.425949), Transform3D(-0.8955624, 0, -0.444936, 0, 1, 0, 0.444936, 0, -0.8955624, -217.82368, 6.688628, -242.47966), 7], [Vector3(-220.24165, -0.8360052, -241.04288), Vector3(-0.83138305, 0.34305993, 0.4371638), Transform3D(0.96619195, 0, 0.2578239, 0, 1, 0, -0.2578239, 0, 0.96619195, -220.24165, -0.8360052, -241.04288), 7], [Vector3(-210.5565, 2.084749, -220.94336), Vector3(-0.8272161, 0.34868276, 0.44060624), Transform3D(0.7007704, 0, 0.71338695, 0, 1, 0, -0.71338695, 0, 0.7007704, -210.5565, 2.084749, -220.94336), 7], [Vector3(-193.31335, 6.1459646, -221.6579), Vector3(-0.2170844, 0.9391217, 0.2663173), Transform3D(-0.9976263, 0, -0.068859994, 0, 1, 0, 0.068859994, 0, -0.9976263, -193.31335, 6.1459646, -221.6579), 7], [Vector3(-196.57263, 6.231814, -213.89418), Vector3(0.18445516, 0.82800454, -0.5295138), Transform3D(0.13258313, 0, -0.9911719, 0, 1, 0, 0.9911719, 0, 0.13258313, -196.57263, 6.231814, -213.89418), 7], [Vector3(-203.37866, 4.4200115, -212.8091), Vector3(-0.66175497, 0.45941094, 0.5924711), Transform3D(-0.14803171, 0, -0.9889826, 0, 1, 0, 0.9889826, 0, -0.14803171, -203.37866, 4.4200115, -212.8091), 7]]
max_members = 75
min_leaf_extent = 1.0
octant = 1
is_leaf = true
center_pos = Vector3(-257, -21, -271)
extent = 64.0
bounds = AABB(-321, -85, -335, 128, 128, 128)
max_bounds_to_center_dist = 110.85125168440814
min_bounds_to_center_dist = 64.0
active_LOD_index = 0
metadata/class = "MMIOctreeNode"

[sub_resource type="Resource" id="Resource_ofg4e"]
resource_local_to_scene = true
resource_name = "MMIOctreeNode"
script = ExtResource("10_pdyqn")
max_members = 75
min_leaf_extent = 1.0
octant = 2
is_leaf = true
center_pos = Vector3(-257, 107, -399)
extent = 64.0
bounds = AABB(-321, 43, -463, 128, 128, 128)
max_bounds_to_center_dist = 110.85125168440814
min_bounds_to_center_dist = 64.0
active_LOD_index = 0
metadata/class = "MMIOctreeNode"

[sub_resource type="Resource" id="Resource_p4m2e"]
resource_local_to_scene = true
resource_name = "MMIOctreeNode"
script = ExtResource("10_pdyqn")
max_members = 75
min_leaf_extent = 1.0
octant = 3
is_leaf = true
center_pos = Vector3(-257, 107, -271)
extent = 64.0
bounds = AABB(-321, 43, -335, 128, 128, 128)
max_bounds_to_center_dist = 110.85125168440814
min_bounds_to_center_dist = 64.0
active_LOD_index = 0
metadata/class = "MMIOctreeNode"

[sub_resource type="Resource" id="Resource_v6264"]
resource_local_to_scene = true
resource_name = "MMIOctreeNode"
script = ExtResource("10_pdyqn")
max_members = 75
min_leaf_extent = 1.0
octant = 4
is_leaf = true
center_pos = Vector3(-129, -21, -399)
extent = 64.0
bounds = AABB(-193, -85, -463, 128, 128, 128)
max_bounds_to_center_dist = 110.85125168440814
min_bounds_to_center_dist = 64.0
active_LOD_index = 0
metadata/class = "MMIOctreeNode"

[sub_resource type="Resource" id="Resource_p2qbs"]
resource_local_to_scene = true
resource_name = "MMIOctreeNode"
script = ExtResource("10_pdyqn")
max_members = 75
min_leaf_extent = 1.0
is_leaf = true
center_pos = Vector3(-161, -53, -303)
extent = 32.0
bounds = AABB(-193, -85, -335, 64, 64, 64)
max_bounds_to_center_dist = 55.42562584220407
min_bounds_to_center_dist = 32.0
active_LOD_index = 0
metadata/class = "MMIOctreeNode"

[sub_resource type="Resource" id="Resource_bidkr"]
resource_local_to_scene = true
resource_name = "MMIOctreeNode"
script = ExtResource("10_pdyqn")
max_members = 75
min_leaf_extent = 1.0
octant = 1
is_leaf = true
center_pos = Vector3(-161, -53, -239)
extent = 32.0
bounds = AABB(-193, -85, -271, 64, 64, 64)
max_bounds_to_center_dist = 55.42562584220407
min_bounds_to_center_dist = 32.0
active_LOD_index = 0
metadata/class = "MMIOctreeNode"

[sub_resource type="Resource" id="Resource_jxupc"]
resource_local_to_scene = true
resource_name = "MMIOctreeNode"
script = ExtResource("10_pdyqn")
max_members = 75
min_leaf_extent = 1.0
octant = 2
is_leaf = true
center_pos = Vector3(-161, 11, -303)
extent = 32.0
bounds = AABB(-193, -21, -335, 64, 64, 64)
max_bounds_to_center_dist = 55.42562584220407
min_bounds_to_center_dist = 32.0
active_LOD_index = 0
metadata/class = "MMIOctreeNode"

[sub_resource type="Resource" id="Resource_7a25n"]
resource_local_to_scene = true
resource_name = "MMIOctreeNode"
script = ExtResource("10_pdyqn")
member_placeforms = [[Vector3(-168.0802, 10.150565, -249.1169), Vector3(0.030760461, 0.8790418, 0.4757514), Transform3D(-0.39217523, 0, -0.9198905, 0, 1, 0, 0.9198905, 0, -0.39217523, -168.0802, 10.150565, -249.1169), 0], [Vector3(-182.607, 9.313638, -253.4589), Vector3(0.38699457, 0.8145776, 0.43208635), Transform3D(-0.8025431, 0, 0.5965941, 0, 1, 0, -0.5965941, 0, -0.8025431, -182.607, 9.313638, -253.4589), 0], [Vector3(-190.35233, 13.260817, -253.50002), Vector3(0.54604644, 0.8288391, 0.12189732), Transform3D(-0.050584372, 0, -0.9987198, 0, 1, 0, 0.9987198, 0, -0.050584372, -190.35233, 13.260817, -253.50002), 2], [Vector3(-176.52199, 12.866623, -241.38417), Vector3(-0.3299354, 0.8597004, -0.38994607), Transform3D(-0.8417284, 0, 0.5399012, 0, 1, 0, -0.5399012, 0, -0.8417284, -176.52199, 12.866623, -241.38417), 2], [Vector3(-187.79686, 5.386675, -232.76494), Vector3(-0.30154777, 0.94086134, 0.15443096), Transform3D(-0.9948457, 0, -0.10140072, 0, 1, 0, 0.10140072, 0, -0.9948457, -187.79686, 5.386675, -232.76494), 1], [Vector3(-173.57574, 12.584787, -237.78381), Vector3(0.13742594, 0.9901029, -0.028468706), Transform3D(-0.2976479, 0, -0.95467573, 0, 1, 0, 0.95467573, 0, -0.2976479, -173.57574, 12.584787, -237.78381), 3], [Vector3(-179.94434, 10.001191, -236.21942), Vector3(-0.6170728, 0.7868669, 0.0078515895), Transform3D(-0.06237837, 0, 0.9980526, 0, 1, 0, -0.9980526, 0, -0.06237837, -179.94434, 10.001191, -236.21942), 1], [Vector3(-179.36917, 9.333168, -231.43166), Vector3(-0.48576063, 0.8615354, 0.14762615), Transform3D(0.59668666, 0, 0.8024743, 0, 1, 0, -0.8024743, 0, 0.59668666, -179.36917, 9.333168, -231.43166), 1], [Vector3(-173.36604, 11.05443, -249.54129), Vector3(0.2281772, 0.90276664, -0.36461982), Transform3D(-0.47790828, 0, -0.87840974, 0, 1, 0, 0.87840974, 0, -0.47790828, -173.36604, 11.05443, -249.54129), 2], [Vector3(-184.62628, 6.6881886, -225.97621), Vector3(-0.2507861, 0.889741, -0.3814018), Transform3D(0.43875852, 0, 0.898605, 0, 1, 0, -0.898605, 0, 0.43875852, -184.62628, 6.6881886, -225.97621), 1], [Vector3(-185.69604, 6.995895, -215.63176), Vector3(-0.6961205, 0.7082861, 0.11724781), Transform3D(-0.99059486, 0, -0.13682774, 0, 1, 0, 0.13682774, 0, -0.99059486, -185.69604, 6.995895, -215.63176), 1], [Vector3(-183.08557, 9.317796, -242.50398), Vector3(-0.19462426, 0.93260545, 0.30392197), Transform3D(0.4944536, 0, -0.86920404, 0, 1, 0, 0.86920404, 0, 0.4944536, -183.08557, 9.317796, -242.50398), 0], [Vector3(-179.01668, 14.132866, -210.41261), Vector3(-0.64762074, 0.59844714, -0.47164434), Transform3D(0.13786119, 0, 0.9904516, 0, 1, 0, -0.9904516, 0, 0.13786119, -179.01668, 14.132866, -210.41261), 3], [Vector3(-185.78397, 9.52161, -208.29573), Vector3(-0.43390787, 0.9002374, 0.036010318), Transform3D(-0.3159271, 0, 0.94878346, 0, 1, 0, -0.94878346, 0, -0.3159271, -185.78397, 9.52161, -208.29573), 1], [Vector3(-167.88583, 13.382267, -220.3729), Vector3(0.5469172, 0.83390665, 0.07403536), Transform3D(-0.69587195, 0, -0.7181659, 0, 1, 0, 0.7181659, 0, -0.69587195, -167.88583, 13.382267, -220.3729), 3], [Vector3(-160.41423, 13.186579, -223.72234), Vector3(-0.2513552, 0.81889874, 0.51597035), Transform3D(-0.30415234, 0, -0.9526234, 0, 1, 0, 0.9526234, 0, -0.30415234, -160.41423, 13.186579, -223.72234), 7], [Vector3(-175.01445, 13.196323, -229.63196), Vector3(-0.542639, 0.8066766, -0.23412775), Transform3D(-0.5807225, 0, -0.8141016, 0, 1, 0, 0.8141016, 0, -0.5807225, -175.01445, 13.196323, -229.63196), 3], [Vector3(-168.09799, 15.023319, -214.17435), Vector3(0.2775073, 0.8865272, -0.37021518), Transform3D(0.9915254, 0, -0.12991314, 0, 1, 0, 0.12991314, 0, 0.9915254, -168.09799, 15.023319, -214.17435), 3], [Vector3(-164.8148, 10.910433, -233.35536), Vector3(0.21749724, 0.83110994, -0.5118117), Transform3D(-0.9742166, 0, -0.2256148, 0, 1, 0, 0.2256148, 0, -0.9742166, -164.8148, 10.910433, -233.35536), 1], [Vector3(-152.09877, 14.95085, -222.98537), Vector3(-0.5097597, 0.8174866, 0.26806864), Transform3D(-0.7700096, 0, 0.6380323, 0, 1, 0, -0.6380323, 0, -0.7700096, -152.09877, 14.95085, -222.98537), 7], [Vector3(-156.05731, 13.496239, -234.93712), Vector3(-0.34187147, 0.8681016, -0.3598937), Transform3D(0.8215845, 0, 0.5700867, 0, 1, 0, -0.5700867, 0, 0.8215845, -156.05731, 13.496239, -234.93712), 7], [Vector3(-192.77013, 2.8584976, -239.25462), Vector3(0.013872117, 0.7740408, 0.6329837), Transform3D(-0.7019265, 0, -0.71224946, 0, 1, 0, 0.71224946, 0, -0.7019265, -192.77013, 2.8584976, -239.25462), 0], [Vector3(-159.87614, 10.294007, -245.86206), Vector3(-0.763899, 0.6037761, 0.22784346), Transform3D(0.9395722, 0, 0.3423509, 0, 1, 0, -0.3423509, 0, 0.9395722, -159.87614, 10.294007, -245.86206), 4], [Vector3(-175.30136, 12.978683, -224.40317), Vector3(-0.14214593, 0.9491204, 0.28100708), Transform3D(0.4242307, 0, 0.9055542, 0, 1, 0, -0.9055542, 0, 0.4242307, -175.30136, 12.978683, -224.40317), 3], [Vector3(-147.35034, 13.6115055, -220.424), Vector3(0.096783146, 0.78433627, 0.6127395), Transform3D(-0.9742877, 0, -0.22530758, 0, 1, 0, 0.22530758, 0, -0.9742877, -147.35034, 13.6115055, -220.424), 7], [Vector3(-185.43715, 6.0899754, -230.84093), Vector3(-0.5107377, 0.8285775, 0.22936065), Transform3D(-0.8099781, 0, 0.5864601, 0, 1, 0, -0.5864601, 0, -0.8099781, -185.43715, 6.0899754, -230.84093), 1], [Vector3(-152.06558, 18.10655, -241.25827), Vector3(-0.61487377, 0.6220123, 0.4847999), Transform3D(-0.44187626, 0, 0.897076, 0, 1, 0, -0.897076, 0, -0.44187626, -152.06558, 18.10655, -241.25827), 6], [Vector3(-159.99391, 9.319088, -240.18085), Vector3(-0.7136126, 0.6989527, -0.04714006), Transform3D(-0.777508, 0, -0.62887305, 0, 1, 0, 0.62887305, 0, -0.777508, -159.99391, 9.319088, -240.18085), 4], [Vector3(-140.02844, 21.664482, -228.47282), Vector3(-0.38078576, 0.5919493, 0.7103509), Transform3D(0.82958335, 0, -0.5583829, 0, 1, 0, 0.5583829, 0, 0.82958335, -140.02844, 21.664482, -228.47282), 7], [Vector3(-140.82002, 9.93573, -210.70499), Vector3(-0.004610493, 0.827109, -0.5620226), Transform3D(-0.87318426, 0, -0.48739025, 0, 1, 0, 0.48739025, 0, -0.87318426, -140.82002, 9.93573, -210.70499), 5], [Vector3(-144.1938, 8.437107, -214.35362), Vector3(-0.17876863, 0.9651704, 0.19101809), Transform3D(-0.9557103, 0, 0.29430923, 0, 1, 0, -0.29430923, 0, -0.95571023, -144.1938, 8.437107, -214.35362), 5], [Vector3(-158.79642, 11.605803, -211.71004), Vector3(-0.43570116, 0.8189893, -0.37339142), Transform3D(0.9917127, 0, -0.12847546, 0, 1, 0, 0.12847546, 0, 0.9917127, -158.79642, 11.605803, -211.71004), 7], [Vector3(-135.75589, 10.185823, -212.74275), Vector3(-0.49961334, 0.84944654, 0.16978545), Transform3D(0.20632389, 0, 0.97848374, 0, 1, 0, -0.97848374, 0, 0.20632389, -135.75589, 10.185823, -212.74275), 5], [Vector3(-147.78543, 9.971997, -215.91824), Vector3(0.21254842, 0.7303462, 0.64916694), Transform3D(-0.98838377, 0, 0.15197882, 0, 1, 0, -0.15197882, 0, -0.98838377, -147.78543, 9.971997, -215.91824), 5], [Vector3(-130.00517, 12.8755455, -213.48384), Vector3(-0.4876466, 0.8728869, 0.01641258), Transform3D(-0.5486263, 0, -0.8360677, 0, 1, 0, 0.8360677, 0, -0.5486263, -130.00517, 12.8755455, -213.48384), 7], [Vector3(-140.18832, 25.304234, -231.18594), Vector3(-0.56880903, 0.5001589, 0.6529145), Transform3D(-0.8581855, 0, -0.51333964, 0, 1, 0, 0.51333964, 0, -0.8581855, -140.18832, 25.304234, -231.18594), 7], [Vector3(-143.69693, 10.753511, -218.19315), Vector3(0.29160795, 0.78626335, 0.5447521), Transform3D(-0.7962932, 0, -0.60491097, 0, 1, 0, 0.60491097, 0, -0.7962932, -143.69693, 10.753511, -218.19315), 5], [Vector3(-132.4826, 28.052858, -231.73619), Vector3(0.16865061, 0.53106, 0.83038086), Transform3D(0.8141986, 0, -0.5805865, 0, 1, 0, 0.5805865, 0, 0.8141986, -132.4826, 28.052858, -231.73619), 7], [Vector3(-149.58382, 15.838021, -231.04974), Vector3(-0.58260393, 0.7344632, 0.3480466), Transform3D(-0.8358056, 0, -0.54902554, 0, 1, 0, 0.54902554, 0, -0.8358056, -149.58382, 15.838021, -231.04974), 7], [Vector3(-129.02745, 18.388744, -226.36891), Vector3(0.223654, 0.56578314, 0.7936425), Transform3D(0.06125492, 0, -0.99812216, 0, 1, 0, 0.99812216, 0, 0.06125492, -129.02745, 18.388744, -226.36891), 7], [Vector3(-137.35364, 11.412712, -217.79593), Vector3(-0.43811774, 0.82247454, 0.36275128), Transform3D(0.08192234, 0, 0.9966387, 0, 1, 0, -0.9966387, 0, 0.08192234, -137.35364, 11.412712, -217.79593), 7], [Vector3(-144.20946, 17.749947, -226.86478), Vector3(-0.34577587, 0.7740457, 0.53037), Transform3D(0.9938468, 0, -0.110763885, 0, 1, 0, 0.110763885, 0, 0.9938468, -144.20946, 17.749947, -226.86478), 7], [Vector3(-139.08595, 33.356915, -237.96567), Vector3(-0.66791797, 0.56655586, 0.48259714), Transform3D(-0.87293106, 0, 0.4878436, 0, 1, 0, -0.4878436, 0, -0.87293106, -139.08595, 33.356915, -237.96567), 7], [Vector3(-144.05869, 35.772526, -250.78738), Vector3(-0.7006265, 0.49591076, 0.51302546), Transform3D(-0.999955, 0, -0.009486495, 0, 1, 0, 0.009486495, 0, -0.999955, -144.05869, 35.772526, -250.78738), 6], [Vector3(-137.32109, 26.982555, -230.85568), Vector3(-0.23117808, 0.55110717, 0.8017715), Transform3D(0.2827717, 0, 0.9591872, 0, 1, 0, -0.9591872, 0, 0.2827717, -137.32109, 26.982555, -230.85568), 7], [Vector3(-131.71478, 38.940834, -241.54472), Vector3(0.28143492, 0.75183916, 0.59626526), Transform3D(0.99609715, 0, 0.08826381, 0, 1, 0, -0.08826381, 0, 0.99609715, -131.71478, 38.940834, -241.54472), 6], [Vector3(-141.79626, 35.120956, -245.66063), Vector3(-0.75532305, 0.57393456, 0.31636417), Transform3D(-0.9929185, 0, -0.11879778, 0, 1, 0, 0.11879778, 0, -0.9929185, -141.79626, 35.120956, -245.66063), 6], [Vector3(-129.02432, 27.163582, -231.92719), Vector3(0.2930222, 0.5097198, 0.80890286), Transform3D(-0.5093681, 0, -0.86054873, 0, 1, 0, 0.86054873, 0, -0.5093681, -129.02432, 27.163582, -231.92719), 7], [Vector3(-158.16266, 21.494944, -255.37027), Vector3(-0.6654339, 0.5303733, 0.52526367), Transform3D(-0.42064238, 0, 0.90722656, 0, 1, 0, -0.90722656, 0, -0.42064238, -158.16266, 21.494944, -255.37027), 6], [Vector3(-144.99104, 26.551853, -240.03049), Vector3(-0.821934, 0.4915007, 0.28783965), Transform3D(-0.8438968, 0, 0.5365056, 0, 1, 0, -0.5365056, 0, -0.8438968, -144.99104, 26.551853, -240.03049), 6], [Vector3(-149.31448, 27.417326, -249.36455), Vector3(-0.6675534, 0.6298312, 0.39709583), Transform3D(-0.9421896, 0, 0.33508033, 0, 1, 0, -0.33508033, 0, -0.9421896, -149.31448, 27.417326, -249.36455), 6], [Vector3(-153.35887, 21.749136, -248.66441), Vector3(-0.7377041, 0.48926318, 0.46520352), Transform3D(-0.974662, 0, 0.22368284, 0, 1, 0, -0.22368284, 0, -0.974662, -153.35887, 21.749136, -248.66441), 6], [Vector3(-154.74698, 23.850506, -253.14403), Vector3(-0.7168624, 0.5147439, 0.47026268), Transform3D(0.9999177, 0, -0.01283244, 0, 1, 0, 0.01283244, 0, 0.9999177, -154.74698, 23.850506, -253.14403), 6], [Vector3(-163.2941, 8.789028, -248.02899), Vector3(-0.06952379, 0.71066743, 0.70008445), Transform3D(0.5976884, 0, 0.80172855, 0, 1, 0, -0.80172855, 0, 0.5976884, -163.2941, 8.789028, -248.02899), 0], [Vector3(-148.22981, 19.881706, -236.07025), Vector3(-0.72465944, 0.64538366, 0.24155478), Transform3D(0.031216122, 0, -0.9995127, 0, 1, 0, 0.9995127, 0, 0.031216122, -148.22981, 19.881706, -236.07025), 7]]
max_members = 75
min_leaf_extent = 1.0
octant = 3
is_leaf = true
center_pos = Vector3(-161, 11, -239)
extent = 32.0
bounds = AABB(-193, -21, -271, 64, 64, 64)
max_bounds_to_center_dist = 55.42562584220407
min_bounds_to_center_dist = 32.0
active_LOD_index = 0
metadata/class = "MMIOctreeNode"

[sub_resource type="Resource" id="Resource_x75ba"]
resource_local_to_scene = true
resource_name = "MMIOctreeNode"
script = ExtResource("10_pdyqn")
max_members = 75
min_leaf_extent = 1.0
octant = 4
is_leaf = true
center_pos = Vector3(-97, -53, -303)
extent = 32.0
bounds = AABB(-129, -85, -335, 64, 64, 64)
max_bounds_to_center_dist = 55.42562584220407
min_bounds_to_center_dist = 32.0
active_LOD_index = 0
metadata/class = "MMIOctreeNode"

[sub_resource type="Resource" id="Resource_r2uwf"]
resource_local_to_scene = true
resource_name = "MMIOctreeNode"
script = ExtResource("10_pdyqn")
max_members = 75
min_leaf_extent = 1.0
octant = 5
is_leaf = true
center_pos = Vector3(-97, -53, -239)
extent = 32.0
bounds = AABB(-129, -85, -271, 64, 64, 64)
max_bounds_to_center_dist = 55.42562584220407
min_bounds_to_center_dist = 32.0
active_LOD_index = 0
metadata/class = "MMIOctreeNode"

[sub_resource type="Resource" id="Resource_p2en8"]
resource_local_to_scene = true
resource_name = "MMIOctreeNode"
script = ExtResource("10_pdyqn")
max_members = 75
min_leaf_extent = 1.0
octant = 6
is_leaf = true
center_pos = Vector3(-97, 11, -303)
extent = 32.0
bounds = AABB(-129, -21, -335, 64, 64, 64)
max_bounds_to_center_dist = 55.42562584220407
min_bounds_to_center_dist = 32.0
active_LOD_index = 0
metadata/class = "MMIOctreeNode"

[sub_resource type="Resource" id="Resource_tfrc8"]
resource_local_to_scene = true
resource_name = "MMIOctreeNode"
script = ExtResource("10_pdyqn")
member_placeforms = [[Vector3(-125.518776, 15.212385, -220.60355), Vector3(-0.7178532, 0.6782296, 0.15713541), Transform3D(0.8106644, 0, 0.5855111, 0, 1, 0, -0.5855111, 0, 0.8106644, -125.518776, 15.212385, -220.60355), 3], [Vector3(-120.89017, 22.60141, -226.55765), Vector3(-0.47925478, 0.67885375, 0.5563025), Transform3D(-0.70527947, 0, 0.7089294, 0, 1, 0, -0.7089294, 0, -0.70527947, -120.89017, 22.60141, -226.55765), 3], [Vector3(-116.81794, 23.18156, -212.64754), Vector3(-0.4370185, 0.7356318, -0.5175526), Transform3D(0.7890205, 0, 0.6143669, 0, 1, 0, -0.6143669, 0, 0.7890205, -116.81794, 23.18156, -212.64754), 3], [Vector3(-112.614006, 27.265675, -218.9044), Vector3(-0.64703995, 0.7582558, -0.07992167), Transform3D(0.039205797, 0, 0.99923116, 0, 1, 0, -0.99923116, 0, 0.039205797, -112.614006, 27.265675, -218.9044), 3], [Vector3(-115.42176, 24.080246, -221.08374), Vector3(-0.7570775, 0.5690248, 0.3210055), Transform3D(-0.5230946, 0, 0.8522746, 0, 1, 0, -0.8522746, 0, -0.5230946, -115.42176, 24.080246, -221.08374), 3], [Vector3(-116.7289, 26.206299, -228.9423), Vector3(-0.24714236, 0.9596778, 0.13393697), Transform3D(-0.5620441, 0, 0.8271073, 0, 1, 0, -0.8271073, 0, -0.5620441, -116.7289, 26.206299, -228.9423), 3], [Vector3(-119.66857, 20.462921, -218.92148), Vector3(-0.3381868, 0.9406271, 0.029161364), Transform3D(0.9940904, 0, 0.1085557, 0, 1, 0, -0.1085557, 0, 0.9940904, -119.66857, 20.462921, -218.92148), 3], [Vector3(-125.66018, 19.527645, -209.05804), Vector3(-0.5660326, 0.572317, -0.59334683), Transform3D(0.1725308, 0, 0.9850041, 0, 1, 0, -0.9850041, 0, 0.1725308, -125.66018, 19.527645, -209.05804), 3], [Vector3(-115.214554, 28.855179, -243.57503), Vector3(0.43476915, 0.87855697, 0.19777118), Transform3D(0.6094225, 0, 0.7928456, 0, 1, 0, -0.7928456, 0, 0.6094225, -115.214554, 28.855179, -243.57503), 2], [Vector3(-126.74298, 34.836445, -240.52858), Vector3(0.65037614, 0.6576489, 0.38014308), Transform3D(-0.65713423, 0, -0.75377357, 0, 1, 0, 0.75377357, 0, -0.65713423, -126.74298, 34.836445, -240.52858), 2], [Vector3(-101.29983, 27.57115, -232.76157), Vector3(-0.21439838, 0.95046294, -0.22506346), Transform3D(0.7815807, 0, 0.62380415, 0, 1, 0, -0.62380415, 0, 0.7815807, -101.29983, 27.57115, -232.76157), 3], [Vector3(-114.09706, 27.544497, -231.3772), Vector3(-0.5057791, 0.79901737, 0.32520583), Transform3D(-0.9561772, 0, 0.29278877, 0, 1, 0, -0.29278877, 0, -0.9561772, -114.09706, 27.544497, -231.3772), 3], [Vector3(-99.757095, 31.529251, -223.40417), Vector3(-0.7178804, 0.69558614, 0.028421108), Transform3D(0.1756111, 0, 0.98445964, 0, 1, 0, -0.98445964, 0, 0.1756111, -99.757095, 31.529251, -223.40417), 3], [Vector3(-106.70185, 28.354298, -224.88393), Vector3(-0.27653244, 0.8749548, -0.3974719), Transform3D(-0.94523287, 0, 0.32639673, 0, 1, 0, -0.32639673, 0, -0.94523287, -106.70185, 28.354298, -224.88393), 3], [Vector3(-96.93469, 34.541473, -211.69287), Vector3(-0.64111125, 0.76015514, -0.105548434), Transform3D(-0.06109753, 0, -0.9981318, 0, 1, 0, 0.9981318, 0, -0.06109753, -96.93469, 34.541473, -211.69287), 7], [Vector3(-107.498314, 30.106312, -213.43839), Vector3(-0.22829053, 0.9262497, 0.29990825), Transform3D(0.9868552, 0, -0.16160701, 0, 1, 0, 0.16160701, 0, 0.9868552, -107.498314, 30.106312, -213.43839), 3], [Vector3(-103.23191, 21.964361, -244.64354), Vector3(0.43544936, 0.7033255, -0.5618872), Transform3D(-0.99999017, 0, -0.0044352724, 0, 1, 0, 0.0044352724, 0, -0.99999017, -103.23191, 21.964361, -244.64354), 2], [Vector3(-89.06233, 23.542358, -228.41527), Vector3(0.76188356, 0.5143813, -0.3936309), Transform3D(-0.92091745, 0, 0.38975766, 0, 1, 0, -0.38975766, 0, -0.92091745, -89.06233, 23.542358, -228.41527), 7], [Vector3(-90.229324, 22.514727, -236.2661), Vector3(0.7959785, 0.5795945, -0.17460975), Transform3D(-0.71457785, 0, 0.69955593, 0, 1, 0, -0.69955593, 0, -0.71457785, -90.229324, 22.514727, -236.2661), 7], [Vector3(-108.41525, 29.519175, -209.54108), Vector3(-0.41522902, 0.8885625, -0.19504249), Transform3D(-0.36084563, 0, -0.9326256, 0, 1, 0, 0.9326256, 0, -0.36084563, -108.41525, 29.519175, -209.54108), 3], [Vector3(-86.73275, 17.107437, -242.06078), Vector3(0.5988568, 0.7717369, -0.21399225), Transform3D(-0.043119483, 0, 0.9990699, 0, 1, 0, -0.9990699, 0, -0.043119483, -86.73275, 17.107437, -242.06078), 6], [Vector3(-95.354225, 17.815586, -246.70236), Vector3(0.2367299, 0.6618954, -0.7112338), Transform3D(0.94218254, 0, -0.33510005, 0, 1, 0, 0.33510005, 0, 0.94218254, -95.354225, 17.815586, -246.70236), 6], [Vector3(-95.58388, 24.187187, -240.2897), Vector3(0.22147235, 0.76917416, -0.5994341), Transform3D(-0.3253967, 0, -0.9455776, 0, 1, 0, 0.9455776, 0, -0.3253967, -95.58388, 24.187187, -240.2897), 6], [Vector3(-106.050095, 26.76231, -239.21617), Vector3(0.1455366, 0.88534075, -0.44157782), Transform3D(0.57999504, 0, -0.81462, 0, 1, 0, 0.81462, 0, 0.57999504, -106.050095, 26.76231, -239.21617), 2], [Vector3(-89.682526, 15.962159, -246.5357), Vector3(0.39102137, 0.76667523, -0.5092263), Transform3D(-0.8684203, 0, 0.49582875, 0, 1, 0, -0.49582875, 0, -0.8684203, -89.682526, 15.962159, -246.5357), 6], [Vector3(-83.83958, 26.247494, -217.05103), Vector3(0.80784667, 0.46686518, -0.3597509), Transform3D(-0.7260404, 0, 0.6876521, 0, 1, 0, -0.6876521, 0, -0.7260404, -83.83958, 26.247494, -217.05103), 7], [Vector3(-93.68811, 33.45821, -218.52911), Vector3(0.61551887, 0.788122, 0.0004569799), Transform3D(0.642171, 0, 0.7665614, 0, 1, 0, -0.7665614, 0, 0.642171, -93.68811, 33.45821, -218.52911), 7], [Vector3(-80.65932, 11.858327, -228.8285), Vector3(0.8356233, 0.5354935, -0.122394666), Transform3D(0.6513288, 0, -0.7587956, 0, 1, 0, 0.7587956, 0, 0.6513288, -80.65932, 11.858327, -228.8285), 7], [Vector3(-83.525505, 15.732108, -228.84927), Vector3(0.6972066, 0.57530826, -0.42769545), Transform3D(0.684732, 0, -0.72879493, 0, 1, 0, 0.72879493, 0, 0.684732, -83.525505, 15.732108, -228.84927), 7], [Vector3(-84.489586, 14.858678, -239.47562), Vector3(0.6792435, 0.72460306, -0.11652791), Transform3D(-0.06510806, 0, 0.9978782, 0, 1, 0, -0.9978782, 0, -0.06510806, -84.489586, 14.858678, -239.47562), 6], [Vector3(-77.865616, 15.978703, -218.81787), Vector3(0.6798862, 0.5236666, -0.51334983), Transform3D(0.27355516, 0, -0.9618563, 0, 1, 0, 0.9618563, 0, 0.27355516, -77.865616, 15.978703, -218.81787), 7], [Vector3(-87.625496, 18.804379, -235.09517), Vector3(0.7285725, 0.655711, -0.19805352), Transform3D(0.82115954, 0, -0.5706987, 0, 1, 0, 0.5706987, 0, 0.82115954, -87.625496, 18.804379, -235.09517), 7], [Vector3(-70.24695, 1.1987143, -225.9733), Vector3(0.40306786, 0.62770027, -0.66597956), Transform3D(-0.035660885, 0, -0.99936396, 0, 1, 0, 0.99936396, 0, -0.035660885, -70.24695, 1.1987143, -225.9733), 5], [Vector3(-65.758644, -0.7518133, -237.83458), Vector3(-0.22069828, 0.9486265, 0.22671582), Transform3D(0.89391583, 0, -0.4482349, 0, 1, 0, 0.4482349, 0, 0.89391583, -65.758644, -0.7518133, -237.83458), 5], [Vector3(-75.10502, 3.1027942, -235.60898), Vector3(0.78363067, 0.571588, 0.2433315), Transform3D(0.90824914, 0, -0.41842985, 0, 1, 0, 0.41842985, 0, 0.90824914, -75.10502, 3.1027942, -235.60898), 5], [Vector3(-93.02344, 26.57242, -232.46227), Vector3(0.5825336, 0.79847157, -0.15197958), Transform3D(-0.23368187, 0, 0.9723131, 0, 1, 0, -0.9723131, 0, -0.23368187, -93.02344, 26.57242, -232.46227), 7], [Vector3(-88.61603, 27.594034, -221.61594), Vector3(0.7392351, 0.56747377, -0.36263627), Transform3D(0.43708023, 0, 0.8994225, 0, 1, 0, -0.8994225, 0, 0.43708023, -88.61603, 27.594034, -221.61594), 7], [Vector3(-83.721954, 19.946442, -223.50243), Vector3(0.7216867, 0.51409966, -0.4635406), Transform3D(-0.7117988, 0, -0.7023835, 0, 1, 0, 0.7023835, 0, -0.7117988, -83.721954, 19.946442, -223.50243), 7], [Vector3(-75.99131, 16.135529, -212.82404), Vector3(0.74781847, 0.41180688, 0.520752), Transform3D(0.7454531, 0, -0.6665581, 0, 1, 0, 0.6665581, 0, 0.7454531, -75.99131, 16.135529, -212.82404), 7], [Vector3(-106.308304, 22.765602, -253.15681), Vector3(0.5943201, 0.7383608, 0.31875864), Transform3D(0.90130526, 0, 0.4331845, 0, 1, 0, -0.4331845, 0, 0.90130526, -106.308304, 22.765602, -253.15681), 2], [Vector3(-95.91689, 29.295815, -230.50084), Vector3(0.32861766, 0.81647587, -0.4747395), Transform3D(-0.98191977, 0, -0.18929778, 0, 1, 0, 0.18929778, 0, -0.98191977, -95.91689, 29.295815, -230.50084), 7], [Vector3(-115.25188, 31.564703, -254.48206), Vector3(0.41768402, 0.8656286, 0.27609283), Transform3D(-0.9104837, 0, 0.4135449, 0, 1, 0, -0.4135449, 0, -0.9104837, -115.25188, 31.564703, -254.48206), 2], [Vector3(-124.39722, 38.51967, -254.48668), Vector3(0.7890826, 0.61199373, -0.05303211), Transform3D(-0.97842824, 0, -0.20658705, 0, 1, 0, 0.20658705, 0, -0.97842824, -124.39722, 38.51967, -254.48668), 2], [Vector3(-123.111244, 36.430756, -247.50117), Vector3(0.45919532, 0.85314465, 0.24755593), Transform3D(-0.9994858, 0, -0.032065038, 0, 1, 0, 0.032065038, 0, -0.9994858, -123.111244, 36.430756, -247.50117), 2], [Vector3(-114.82343, 27.947868, -234.64359), Vector3(-0.34146872, 0.9308277, 0.13022654), Transform3D(0.8418765, 0, -0.5396702, 0, 1, 0, 0.5396702, 0, 0.8418765, -114.82343, 27.947868, -234.64359), 3], [Vector3(-112.57338, 26.248623, -246.42857), Vector3(0.6972882, 0.70314765, -0.13918565), Transform3D(0.5989971, 0, 0.8007512, 0, 1, 0, -0.8007512, 0, 0.5989971, -112.57338, 26.248623, -246.42857), 2], [Vector3(-125.44734, 39.092304, -251.61737), Vector3(0.78591245, 0.58698136, 0.19440801), Transform3D(-0.8159469, 0, 0.57812697, 0, 1, 0, -0.57812697, 0, -0.8159469, -125.44734, 39.092304, -251.61737), 2], [Vector3(-122.464775, 30.781672, -238.90703), Vector3(0.38680613, 0.7596761, 0.5227555), Transform3D(-0.6961537, 0, 0.71789277, 0, 1, 0, -0.71789277, 0, -0.6961537, -122.464775, 30.781672, -238.90703), 3], [Vector3(-75.5322, 5.6504564, -226.51813), Vector3(0.8236346, 0.54354703, -0.16181055), Transform3D(-0.2666575, 0, -0.9637914, 0, 1, 0, 0.9637914, 0, -0.2666575, -75.5322, 5.6504564, -226.51813), 5], [Vector3(-84.03674, 13.445311, -252.96169), Vector3(0.250303, 0.959339, -0.13044967), Transform3D(-0.8969823, 0, 0.44206643, 0, 1, 0, -0.44206643, 0, -0.8969823, -84.03674, 13.445311, -252.96169), 6], [Vector3(-74.78865, 9.084297, -246.72833), Vector3(0.15767857, 0.90774214, 0.38876942), Transform3D(-0.8865376, 0, -0.46265665, 0, 1, 0, 0.46265665, 0, -0.8865376, -74.78865, 9.084297, -246.72833), 4], [Vector3(-101.28532, 17.778524, -251.19145), Vector3(0.67929816, 0.7338519, -0.0039429874), Transform3D(0.25749415, 0, 0.96627986, 0, 1, 0, -0.96627986, 0, 0.25749415, -101.28532, 17.778524, -251.19145), 2], [Vector3(-73.89963, 3.3031273, -239.56627), Vector3(0.62711775, 0.65994817, 0.41375342), Transform3D(0.060829062, 0, 0.9981482, 0, 1, 0, -0.9981482, 0, 0.060829062, -73.89963, 3.3031273, -239.56627), 4], [Vector3(-69.25571, 6.4040775, -211.59105), Vector3(0.36189297, 0.5421126, 0.7583848), Transform3D(-0.95410144, 0, 0.29948363, 0, 1, 0, -0.29948363, 0, -0.95410144, -69.25571, 6.4040775, -211.59105), 5]]
max_members = 75
min_leaf_extent = 1.0
octant = 7
is_leaf = true
center_pos = Vector3(-97, 11, -239)
extent = 32.0
bounds = AABB(-129, -21, -271, 64, 64, 64)
max_bounds_to_center_dist = 55.42562584220407
min_bounds_to_center_dist = 32.0
active_LOD_index = 0
metadata/class = "MMIOctreeNode"

[sub_resource type="Resource" id="Resource_jr0uq"]
resource_local_to_scene = true
resource_name = "MMIOctreeNode"
script = ExtResource("10_pdyqn")
child_nodes = [SubResource("Resource_p2qbs"), SubResource("Resource_bidkr"), SubResource("Resource_jxupc"), SubResource("Resource_7a25n"), SubResource("Resource_x75ba"), SubResource("Resource_r2uwf"), SubResource("Resource_p2en8"), SubResource("Resource_tfrc8")]
max_members = 75
min_leaf_extent = 1.0
octant = 5
center_pos = Vector3(-129, -21, -271)
extent = 64.0
bounds = AABB(-193, -85, -335, 128, 128, 128)
max_bounds_to_center_dist = 110.85125168440814
min_bounds_to_center_dist = 64.0
active_LOD_index = 0
metadata/class = "MMIOctreeNode"

[sub_resource type="Resource" id="Resource_kgxr8"]
resource_local_to_scene = true
resource_name = "MMIOctreeNode"
script = ExtResource("10_pdyqn")
max_members = 75
min_leaf_extent = 1.0
octant = 6
is_leaf = true
center_pos = Vector3(-129, 107, -399)
extent = 64.0
bounds = AABB(-193, 43, -463, 128, 128, 128)
max_bounds_to_center_dist = 110.85125168440814
min_bounds_to_center_dist = 64.0
active_LOD_index = 0
metadata/class = "MMIOctreeNode"

[sub_resource type="Resource" id="Resource_1885c"]
resource_local_to_scene = true
resource_name = "MMIOctreeNode"
script = ExtResource("10_pdyqn")
member_placeforms = [[Vector3(-134.0258, 44.801888, -251.35422), Vector3(0.1260736, 0.9612704, 0.24508098), Transform3D(0.12681772, 0, -0.991926, 0, 1, 0, 0.9919261, 0, 0.12681772, -134.0258, 44.801888, -251.35422), 1]]
max_members = 75
min_leaf_extent = 1.0
octant = 7
is_leaf = true
center_pos = Vector3(-129, 107, -271)
extent = 64.0
bounds = AABB(-193, 43, -335, 128, 128, 128)
max_bounds_to_center_dist = 110.85125168440814
min_bounds_to_center_dist = 64.0
active_LOD_index = 0
metadata/class = "MMIOctreeNode"

[sub_resource type="Resource" id="Resource_qm6nq"]
resource_local_to_scene = true
resource_name = "MMIOctreeNode"
script = ExtResource("10_pdyqn")
child_nodes = [SubResource("Resource_uktbv"), SubResource("Resource_hhrgf"), SubResource("Resource_ofg4e"), SubResource("Resource_p4m2e"), SubResource("Resource_v6264"), SubResource("Resource_jr0uq"), SubResource("Resource_kgxr8"), SubResource("Resource_1885c")]
max_members = 75
min_leaf_extent = 1.0
octant = 6
center_pos = Vector3(-193, 43, -335)
extent = 128.0
bounds = AABB(-321, -85, -463, 256, 256, 256)
max_bounds_to_center_dist = 221.70250336881628
min_bounds_to_center_dist = 128.0
active_LOD_index = 0
metadata/class = "MMIOctreeNode"

[sub_resource type="Resource" id="Resource_xhjdr"]
resource_local_to_scene = true
resource_name = "MMIOctreeNode"
script = ExtResource("10_pdyqn")
max_members = 75
min_leaf_extent = 1.0
is_leaf = true
center_pos = Vector3(-289, -53, -175)
extent = 32.0
bounds = AABB(-321, -85, -207, 64, 64, 64)
max_bounds_to_center_dist = 55.42562584220407
min_bounds_to_center_dist = 32.0
active_LOD_index = 0
metadata/class = "MMIOctreeNode"

[sub_resource type="Resource" id="Resource_r3s68"]
resource_local_to_scene = true
resource_name = "MMIOctreeNode"
script = ExtResource("10_pdyqn")
max_members = 75
min_leaf_extent = 1.0
octant = 1
is_leaf = true
center_pos = Vector3(-289, -53, -111)
extent = 32.0
bounds = AABB(-321, -85, -143, 64, 64, 64)
max_bounds_to_center_dist = 55.42562584220407
min_bounds_to_center_dist = 32.0
active_LOD_index = 0
metadata/class = "MMIOctreeNode"

[sub_resource type="Resource" id="Resource_om5kr"]
resource_local_to_scene = true
resource_name = "MMIOctreeNode"
script = ExtResource("10_pdyqn")
max_members = 75
min_leaf_extent = 1.0
octant = 2
is_leaf = true
center_pos = Vector3(-289, 11, -175)
extent = 32.0
bounds = AABB(-321, -21, -207, 64, 64, 64)
max_bounds_to_center_dist = 55.42562584220407
min_bounds_to_center_dist = 32.0
