<<<<<<< Updated upstream
[gd_scene load_steps=381 format=3 uid="uid://n0kjj88rjuor"]
=======
[gd_scene load_steps=472 format=3 uid="uid://n0kjj88rjuor"]
>>>>>>> Stashed changes

[ext_resource type="Script" uid="uid://dnrelw0fv4ou8" path="res://addons/zylann.hterrain/hterrain.gd" id="1_fa63b"]
[ext_resource type="Script" uid="uid://boa8j2t61mjlg" path="res://wendigoTerrainMap/wendigo_forest.gd" id="1_qv7kg"]
[ext_resource type="Resource" uid="uid://kswptg5hojwh" path="res://wendigoTerrainMap/data.hterrain" id="2_1mri4"]
[ext_resource type="Script" uid="uid://bijdjc8imckni" path="res://addons/zylann.hterrain/hterrain_texture_set.gd" id="2_05m3n"]
[ext_resource type="Texture2D" uid="uid://uvty2e4akmu3" path="res://Wendigo Level/wendigo_forest_slot0_albedo_bump.png" id="4_6km8e"]
[ext_resource type="Texture2D" uid="uid://bnc7knvobvmam" path="res://Wendigo Level/wendigo_forest_slot1_albedo_bump.png" id="5_mqwve"]
[ext_resource type="Texture2D" uid="uid://cm5pnnq8bn8o0" path="res://wendigoTerrainMap/ground-SticksLeaves.png" id="6_mqwve"]
[ext_resource type="Texture2D" uid="uid://c88ygew4thkdt" path="res://Wendigo Level/wendigo_forest_slot0_normal_roughness.png" id="6_uaxvo"]
[ext_resource type="Texture2D" uid="uid://d2rnd2qiej447" path="res://Wendigo Level/wendigo_forest_slot1_normal_roughness.png" id="7_b1vwf"]
<<<<<<< Updated upstream
=======
[ext_resource type="PackedScene" uid="uid://x3pdcme5x3sw" path="res://globalScenes/zwendigo.tscn" id="9_g0ukx"]
>>>>>>> Stashed changes
[ext_resource type="Script" uid="uid://bc7pailucq83t" path="res://addons/dreadpon.spatial_gardener/gardener/gardener.gd" id="9_q4s1m"]
[ext_resource type="Script" uid="uid://dieiojnt518h" path="res://addons/dreadpon.spatial_gardener/arborist/mmi_octree/mmi_octree_node.gd" id="10_pdyqn"]
[ext_resource type="Script" uid="uid://c4s4x5b27vdf6" path="res://addons/dreadpon.spatial_gardener/arborist/mmi_octree/mmi_octree_manager.gd" id="11_qusdq"]
[ext_resource type="Script" uid="uid://d1pavk3gl4atd" path="res://addons/dreadpon.spatial_gardener/arborist/arborist.gd" id="12_np73x"]
<<<<<<< Updated upstream
=======
[ext_resource type="PackedScene" uid="uid://dbali5u4o76qd" path="res://Wendigo Level/WendigoCharacter/wendigoAi.tscn" id="13_pdyqn"]
[ext_resource type="Texture2D" uid="uid://bdnei7nra2707" path="res://Assets/Materials/ProgressUnder.png" id="15_136gw"]
[ext_resource type="Texture2D" uid="uid://3omsqjf7hpnp" path="res://Assets/Materials/ProgressBar.png" id="16_g0ukx"]
[ext_resource type="Texture2D" uid="uid://booo2f3co4624" path="res://Assets/Materials/spa-homepage-greybox.png" id="17_qv7kg"]
[ext_resource type="Script" uid="uid://1murb5rpgnye" path="res://globalScenes/dialog.gd" id="18_jyr7y"]
[ext_resource type="Script" uid="uid://86qm0b5ja6rq" path="res://globalScenes/pause_menu.gd" id="19_uyjqn"]
[ext_resource type="FontFile" uid="uid://bmtr4hnwlwqdp" path="res://Assets/Materials/StartScreenAssets/BungeeFont/BungeeTint-Regular.ttf" id="20_75rbe"]
[ext_resource type="AudioStream" uid="uid://dcxd3btis03eu" path="res://Assets/SFX/buttonPressNoise.wav" id="21_kbknu"]
[ext_resource type="FontFile" uid="uid://cx705ekmev8os" path="res://Assets/Jersey20-Regular.ttf" id="22_6jnv6"]
[ext_resource type="Script" uid="uid://bxfbjtc5mwqms" path="res://globalScenes/plusCounter.gd" id="23_cx7th"]
[ext_resource type="Texture2D" uid="uid://6664beu66w00" path="res://Assets/Materials/StartScreenAssets/MothmanPNG.png" id="24_ly1ea"]
[ext_resource type="Script" uid="uid://dokwmdfno0kqh" path="res://globalScenes/sun.gd" id="25_g0ukx"]
[ext_resource type="PackedScene" uid="uid://dg7dj6dmehiww" path="res://Assets/vhs_flavor_1.tscn" id="26_kbknu"]
[ext_resource type="PackedScene" uid="uid://cf52h1xqn6f7s" path="res://Assets/vhs_flavor_2.tscn" id="27_6jnv6"]
[ext_resource type="PackedScene" uid="uid://ct0xaa2c1skwc" path="res://Wendigo Level/assets/scene.gltf" id="27_jyr7y"]
[ext_resource type="PackedScene" uid="uid://bsw1nm5f7u7rj" path="res://Wendigo Level/WendigoCharacter/sketchfab_scene.tscn" id="28_uyjqn"]
>>>>>>> Stashed changes

[sub_resource type="Resource" id="Resource_1mri4"]
script = ExtResource("2_05m3n")
mode = 0
textures = [[ExtResource("4_6km8e"), ExtResource("5_mqwve"), ExtResource("6_mqwve")], [ExtResource("6_uaxvo"), ExtResource("7_b1vwf"), ExtResource("6_mqwve")]]

[sub_resource type="Resource" id="Resource_qv7kg"]
resource_local_to_scene = true
resource_name = "MMIOctreeNode"
script = ExtResource("10_pdyqn")
max_members = 75
min_leaf_extent = 1.0
<<<<<<< Updated upstream
=======
is_leaf = true
center_pos = Vector3(-1169, -171, -321)
extent = 512.0
bounds = AABB(-1681, -683, -833, 1024, 1024, 1024)
max_bounds_to_center_dist = 886.8100134752651
min_bounds_to_center_dist = 512.0
active_LOD_index = 0
metadata/class = "MMIOctreeNode"

[sub_resource type="Resource" id="Resource_qv7kg"]
resource_local_to_scene = true
resource_name = "MMIOctreeNode"
script = ExtResource("10_pdyqn")
max_members = 75
min_leaf_extent = 1.0
octant = 1
is_leaf = true
center_pos = Vector3(-1169, -171, 703)
extent = 512.0
bounds = AABB(-1681, -683, 191, 1024, 1024, 1024)
max_bounds_to_center_dist = 886.8100134752651
min_bounds_to_center_dist = 512.0
active_LOD_index = 0
metadata/class = "MMIOctreeNode"

[sub_resource type="Resource" id="Resource_jyr7y"]
resource_local_to_scene = true
resource_name = "MMIOctreeNode"
script = ExtResource("10_pdyqn")
max_members = 75
min_leaf_extent = 1.0
octant = 2
is_leaf = true
center_pos = Vector3(-1169, 853, -321)
extent = 512.0
bounds = AABB(-1681, 341, -833, 1024, 1024, 1024)
max_bounds_to_center_dist = 886.8100134752651
min_bounds_to_center_dist = 512.0
active_LOD_index = 0
metadata/class = "MMIOctreeNode"

[sub_resource type="Resource" id="Resource_uyjqn"]
resource_local_to_scene = true
resource_name = "MMIOctreeNode"
script = ExtResource("10_pdyqn")
max_members = 75
min_leaf_extent = 1.0
octant = 3
is_leaf = true
center_pos = Vector3(-1169, 853, 703)
extent = 512.0
bounds = AABB(-1681, 341, 191, 1024, 1024, 1024)
max_bounds_to_center_dist = 886.8100134752651
min_bounds_to_center_dist = 512.0
active_LOD_index = 0
metadata/class = "MMIOctreeNode"

[sub_resource type="Resource" id="Resource_75rbe"]
resource_local_to_scene = true
resource_name = "MMIOctreeNode"
script = ExtResource("10_pdyqn")
max_members = 75
min_leaf_extent = 1.0
>>>>>>> Stashed changes
is_leaf = true
center_pos = Vector3(-401, -427, -577)
extent = 256.0
bounds = AABB(-657, -683, -833, 512, 512, 512)
max_bounds_to_center_dist = 443.40500673763256
min_bounds_to_center_dist = 256.0
active_LOD_index = 0
metadata/class = "MMIOctreeNode"

<<<<<<< Updated upstream
[sub_resource type="Resource" id="Resource_jyr7y"]
=======
[sub_resource type="Resource" id="Resource_kbknu"]
>>>>>>> Stashed changes
resource_local_to_scene = true
resource_name = "MMIOctreeNode"
script = ExtResource("10_pdyqn")
max_members = 75
min_leaf_extent = 1.0
octant = 1
is_leaf = true
center_pos = Vector3(-401, -427, -65)
extent = 256.0
bounds = AABB(-657, -683, -321, 512, 512, 512)
max_bounds_to_center_dist = 443.40500673763256
min_bounds_to_center_dist = 256.0
active_LOD_index = 0
metadata/class = "MMIOctreeNode"

<<<<<<< Updated upstream
[sub_resource type="Resource" id="Resource_uyjqn"]
=======
[sub_resource type="Resource" id="Resource_6jnv6"]
>>>>>>> Stashed changes
resource_local_to_scene = true
resource_name = "MMIOctreeNode"
script = ExtResource("10_pdyqn")
max_members = 75
min_leaf_extent = 1.0
octant = 2
is_leaf = true
center_pos = Vector3(-401, 85, -577)
extent = 256.0
bounds = AABB(-657, -171, -833, 512, 512, 512)
max_bounds_to_center_dist = 443.40500673763256
min_bounds_to_center_dist = 256.0
active_LOD_index = 0
metadata/class = "MMIOctreeNode"

<<<<<<< Updated upstream
[sub_resource type="Resource" id="Resource_75rbe"]
=======
[sub_resource type="Resource" id="Resource_cx7th"]
>>>>>>> Stashed changes
resource_local_to_scene = true
resource_name = "MMIOctreeNode"
script = ExtResource("10_pdyqn")
max_members = 75
min_leaf_extent = 1.0
is_leaf = true
center_pos = Vector3(-529, -43, -193)
extent = 128.0
bounds = AABB(-657, -171, -321, 256, 256, 256)
max_bounds_to_center_dist = 221.70250336881628
min_bounds_to_center_dist = 128.0
active_LOD_index = 0
metadata/class = "MMIOctreeNode"

<<<<<<< Updated upstream
[sub_resource type="Resource" id="Resource_kbknu"]
=======
[sub_resource type="Resource" id="Resource_ly1ea"]
>>>>>>> Stashed changes
resource_local_to_scene = true
resource_name = "MMIOctreeNode"
script = ExtResource("10_pdyqn")
max_members = 75
min_leaf_extent = 1.0
octant = 1
is_leaf = true
center_pos = Vector3(-529, -43, 63)
extent = 128.0
bounds = AABB(-657, -171, -65, 256, 256, 256)
max_bounds_to_center_dist = 221.70250336881628
min_bounds_to_center_dist = 128.0
active_LOD_index = 0
metadata/class = "MMIOctreeNode"

<<<<<<< Updated upstream
[sub_resource type="Resource" id="Resource_6jnv6"]
=======
[sub_resource type="Resource" id="Resource_k4prm"]
>>>>>>> Stashed changes
resource_local_to_scene = true
resource_name = "MMIOctreeNode"
script = ExtResource("10_pdyqn")
max_members = 75
min_leaf_extent = 1.0
octant = 2
is_leaf = true
center_pos = Vector3(-529, 213, -193)
extent = 128.0
bounds = AABB(-657, 85, -321, 256, 256, 256)
max_bounds_to_center_dist = 221.70250336881628
min_bounds_to_center_dist = 128.0
active_LOD_index = 0
metadata/class = "MMIOctreeNode"

<<<<<<< Updated upstream
[sub_resource type="Resource" id="Resource_cx7th"]
=======
[sub_resource type="Resource" id="Resource_4f0m8"]
>>>>>>> Stashed changes
resource_local_to_scene = true
resource_name = "MMIOctreeNode"
script = ExtResource("10_pdyqn")
max_members = 75
min_leaf_extent = 1.0
octant = 3
is_leaf = true
center_pos = Vector3(-529, 213, 63)
extent = 128.0
bounds = AABB(-657, 85, -65, 256, 256, 256)
max_bounds_to_center_dist = 221.70250336881628
min_bounds_to_center_dist = 128.0
active_LOD_index = 0
metadata/class = "MMIOctreeNode"

<<<<<<< Updated upstream
[sub_resource type="Resource" id="Resource_ly1ea"]
resource_local_to_scene = true
resource_name = "MMIOctreeNode"
script = ExtResource("10_pdyqn")
member_placeforms = [[Vector3(-145.7604, 23.26009, -236.4445), Vector3(-0.7318229, 0.541297, 0.4140444), Transform3D(0.96381706, 0, -0.26656452, 0, 1, 0, 0.26656452, 0, 0.96381706, -145.7604, 23.26009, -236.4445), 6], [Vector3(-145.37585, 16.858395, -226.18202), Vector3(-0.15311328, 0.81520265, 0.55857044), Transform3D(0.4594261, 0, -0.888216, 0, 1, 0, 0.888216, 0, 0.4594261, -145.37585, 16.858395, -226.18202), 6], [Vector3(-154.44487, 13.374391, -221.97289), Vector3(-0.24352095, 0.9696451, 0.022046383), Transform3D(0.9908856, 0, -0.13470624, 0, 1, 0, 0.13470623, 0, 0.9908856, -154.44487, 13.374391, -221.97289), 6], [Vector3(-155.61653, 14.381418, -243.71945), Vector3(-0.7659456, 0.5796062, 0.27817976), Transform3D(0.91412205, 0, -0.40543914, 0, 1, 0, 0.40543914, 0, 0.91412205, -155.61653, 14.381418, -243.71945), 6], [Vector3(-233.55554, 10.069838, -151.22443), Vector3(-0.10160968, 0.98876595, 0.1096239), Transform3D(-0.657271, 0, 0.7536543, 0, 1, 0, -0.7536543, 0, -0.657271, -233.55554, 10.069838, -151.22443), 7], [Vector3(-244.73526, 14.329336, -147.22955), Vector3(0.6098521, 0.78724444, -0.091250665), Transform3D(-0.22155625, 0, 0.9751476, 0, 1, 0, -0.9751476, 0, -0.22155625, -244.73526, 14.329336, -147.22955), 7], [Vector3(-222.53807, 9.896636, -140.46703), Vector3(0.75805527, 0.601775, -0.25143418), Transform3D(0.7584828, 0, -0.65169305, 0, 1, 0, 0.65169305, 0, 0.7584828, -222.53807, 9.896636, -140.46703), 7], [Vector3(-229.8961, 13.856836, -137.3697), Vector3(0.22809556, 0.9424634, -0.24440794), Transform3D(-0.4545626, 0, -0.89071476, 0, 1, 0, 0.89071476, 0, -0.4545626, -229.8961, 13.856836, -137.3697), 7], [Vector3(-245.11418, 17.68659, -138.55374), Vector3(0.5794303, 0.45383877, -0.6769719), Transform3D(-0.84942937, 0, 0.52770233, 0, 1, 0, -0.52770233, 0, -0.84942937, -245.11418, 17.68659, -138.55374), 7], [Vector3(-220.2677, 9.983476, -132.7129), Vector3(0.5110446, 0.8058328, -0.2991102), Transform3D(0.7380331, 0, 0.6747645, 0, 1, 0, -0.6747645, 0, 0.7380331, -220.2677, 9.983476, -132.7129), 7], [Vector3(-227.47755, 15.983588, -131.89517), Vector3(0.2487918, 0.81118506, -0.5292272), Transform3D(0.9711927, 0, -0.23829536, 0, 1, 0, 0.23829536, 0, 0.9711927, -227.47755, 15.983588, -131.89517), 7], [Vector3(-219.71576, 13.975134, -119.78795), Vector3(0.114402495, 0.82836527, -0.5483823), Transform3D(0.25583425, 0, -0.9667207, 0, 1, 0, 0.9667207, 0, 0.25583425, -219.71576, 13.975134, -119.78795), 7], [Vector3(-229.32686, 20.980614, -120.01485), Vector3(0.7678304, 0.5410984, -0.34300005), Transform3D(0.5823894, 0, -0.81290996, 0, 1, 0, 0.81290996, 0, 0.5823894, -229.32686, 20.980614, -120.01485), 7], [Vector3(-212.23315, 7.78836, -127.76464), Vector3(0.32757437, 0.57085454, -0.75287455), Transform3D(-0.82231694, 0, -0.56902975, 0, 1, 0, 0.56902975, 0, -0.82231694, -212.23315, 7.78836, -127.76464), 7], [Vector3(-234.25743, 20.100267, -69.191956), Vector3(0.0811231, 0.9588751, 0.27198806), Transform3D(-0.5889563, 0, 0.80816495, 0, 1, 0, -0.80816495, 0, -0.5889563, -234.25743, 20.100267, -69.191956), 7], [Vector3(-221.60904, 13.55921, -124.34555), Vector3(0.45181265, 0.88737863, 0.091785625), Transform3D(0.7177697, 0, 0.69628066, 0, 1, 0, -0.69628066, 0, 0.7177697, -221.60904, 13.55921, -124.34555), 7], [Vector3(-252.61942, 27.84779, -138.92686), Vector3(0.6629932, 0.48196092, -0.57284707), Transform3D(-0.9603027, 0, 0.2789601, 0, 1, 0, -0.2789601, 0, -0.9603027, -252.61942, 27.84779, -138.92686), 7], [Vector3(-239.05809, 26.173786, -124.92943), Vector3(0.5171981, 0.5106019, -0.6868712), Transform3D(-0.9055267, 0, -0.42428938, 0, 1, 0, 0.42428938, 0, -0.9055267, -239.05809, 26.173786, -124.92943), 7], [Vector3(-245.41571, 29.35767, -128.14485), Vector3(0.5964818, 0.5163446, -0.6144898), Transform3D(-0.63616234, 0, 0.77155524, 0, 1, 0, -0.77155524, 0, -0.63616234, -245.41571, 29.35767, -128.14485), 7], [Vector3(-235.13737, 29.698553, -118.204544), Vector3(0.78151226, 0.51552665, -0.35138425), Transform3D(-0.420474, 0, 0.9073046, 0, 1, 0, -0.9073046, 0, -0.420474, -235.13737, 29.698553, -118.204544), 7], [Vector3(-239.74437, 36.49712, -115.22383), Vector3(0.5183125, 0.8319048, -0.19820829), Transform3D(-0.047452465, 0, -0.99887353, 0, 1, 0, 0.99887353, 0, -0.047452465, -239.74437, 36.49712, -115.22383), 7], [Vector3(-255.33968, 46.04767, -117.77772), Vector3(0.72923106, 0.64604545, -0.22549386), Transform3D(0.9378259, 0, 0.34710607, 0, 1, 0, -0.34710607, 0, 0.9378259, -255.33968, 46.04767, -117.77772), 7], [Vector3(-222.41615, 23.328438, -103.72661), Vector3(0.57766455, 0.63366205, -0.514564), Transform3D(0.9798216, 0, -0.19987418, 0, 1, 0, 0.19987418, 0, 0.9798216, -222.41615, 23.328438, -103.72661), 7], [Vector3(-231.55148, 28.484142, -109.34433), Vector3(0.3972119, 0.86947244, -0.2936672), Transform3D(-0.76471525, 0, -0.64436835, 0, 1, 0, 0.64436835, 0, -0.76471525, -231.55148, 28.484142, -109.34433), 7], [Vector3(-246.20364, 35.26243, -101.65893), Vector3(0.6039229, 0.78976136, 0.10749014), Transform3D(0.22665513, 0, 0.9739751, 0, 1, 0, -0.9739751, 0, 0.22665513, -246.20364, 35.26243, -101.65893), 7], [Vector3(-255.72179, 42.617188, -99.58425), Vector3(0.77780336, 0.6076178, 0.16069384), Transform3D(-0.033865012, 0, -0.9994264, 0, 1, 0, 0.9994264, 0, -0.033865012, -255.72179, 42.617188, -99.58425), 7], [Vector3(-223.17361, 24.786816, -97.498474), Vector3(-0.38720852, 0.91221046, -0.13394646), Transform3D(0.1721385, 0, -0.9850728, 0, 1, 0, 0.9850728, 0, 0.1721385, -223.17361, 24.786816, -97.498474), 7], [Vector3(-234.1434, 28.34591, -92.44629), Vector3(0.19387197, 0.76930165, -0.60876), Transform3D(0.9619006, 0, 0.2733996, 0, 1, 0, -0.2733996, 0, 0.9619006, -234.1434, 28.34591, -92.44629), 7], [Vector3(-244.93794, 31.75139, -93.45361), Vector3(-0.024682596, 0.95786744, 0.28614822), Transform3D(0.31670135, 0, -0.9485253, 0, 1, 0, 0.9485253, 0, 0.31670135, -244.93794, 31.75139, -93.45361), 7], [Vector3(-252.6326, 40.490803, -122.66155), Vector3(0.7807914, 0.6002674, -0.17333162), Transform3D(0.8825569, 0, -0.4702057, 0, 1, 0, 0.4702057, 0, 0.8825569, -252.6326, 40.490803, -122.66155), 7], [Vector3(-231.82881, 25.167313, -97.2517), Vector3(0.35111496, 0.93543583, 0.040965285), Transform3D(0.8809339, 0, 0.47323942, 0, 1, 0, -0.47323942, 0, 0.8809339, -231.82881, 25.167313, -97.2517), 7], [Vector3(-222.9058, 26.811628, -91.6184), Vector3(-0.3072933, 0.8008698, -0.51398295), Transform3D(0.47669518, 0, -0.8790687, 0, 1, 0, 0.8790687, 0, 0.47669518, -222.9058, 26.811628, -91.6184), 7], [Vector3(-233.32928, 24.361073, -76.5565), Vector3(0.07708661, 0.8665249, 0.4931454), Transform3D(0.99811584, 0, -0.06135747, 0, 1, 0, 0.06135747, 0, 0.99811584, -233.32928, 24.361073, -76.5565), 7], [Vector3(-228.98186, 28.918652, -84.111946), Vector3(-0.04618337, 0.81993115, 0.5705963), Transform3D(0.12793481, 0, 0.9917826, 0, 1, 0, -0.9917826, 0, 0.12793481, -228.98186, 28.918652, -84.111946), 7], [Vector3(-255.16454, 41.524654, -126.26656), Vector3(0.6293282, 0.72664195, -0.27556756), Transform3D(0.2261895, 0, 0.9740833, 0, 1, 0, -0.9740833, 0, 0.2261895, -255.16454, 41.524654, -126.26656), 7], [Vector3(-253.51712, 37.960617, -94.54882), Vector3(0.5107333, 0.62525415, 0.59009224), Transform3D(0.6032654, 0, 0.7975405, 0, 1, 0, -0.7975405, 0, 0.6032654, -253.51712, 37.960617, -94.54882), 7], [Vector3(-246.22289, 30.622692, -84.605255), Vector3(-0.18565069, 0.869834, 0.45708063), Transform3D(-0.754211, 0, -0.65663224, 0, 1, 0, 0.65663224, 0, -0.754211, -246.22289, 30.622692, -84.605255), 7], [Vector3(-250.58577, 21.986742, -71.455795), Vector3(0.27054268, 0.9606721, 0.06257613), Transform3D(0.99792206, 0, -0.06443269, 0, 1, 0, 0.06443269, 0, 0.99792206, -250.58577, 21.986742, -71.455795), 7], [Vector3(-238.97038, 35.360126, -111.77214), Vector3(0.7292443, 0.6693312, 0.14212155), Transform3D(0.31578025, 0, 0.9488324, 0, 1, 0, -0.9488324, 0, 0.31578025, -238.97038, 35.360126, -111.77214), 7], [Vector3(-219.60025, 30.890774, -85.39702), Vector3(-0.18468204, 0.7429795, -0.6433304), Transform3D(0.1833885, 0, 0.9830405, 0, 1, 0, -0.9830405, 0, 0.1833885, -219.60025, 30.890774, -85.39702), 7], [Vector3(-246.54295, 24.008596, -76.41493), Vector3(-0.13460822, 0.7414426, 0.65737617), Transform3D(0.99999136, 0, 0.004155775, 0, 1, 0, -0.004155775, 0, 0.99999136, -246.54295, 24.008596, -76.41493), 7], [Vector3(-255.36253, 24.110521, -66.89578), Vector3(0.624124, 0.7714777, 0.12365851), Transform3D(0.997707, 0, 0.067681186, 0, 1, 0, -0.067681186, 0, 0.997707, -255.36253, 24.110521, -66.89578), 7], [Vector3(-224.74142, 28.832355, -76.93659), Vector3(-0.3877527, 0.7048397, 0.5940108), Transform3D(-0.57781386, 0, 0.8161686, 0, 1, 0, -0.8161686, 0, -0.57781386, -224.74142, 28.832355, -76.93659), 7], [Vector3(-220.30391, 22.381195, -65.42365), Vector3(-0.6860575, 0.5327637, 0.4954674), Transform3D(-0.36891136, 0, -0.9294646, 0, 1, 0, 0.9294646, 0, -0.36891136, -220.30391, 22.381195, -65.42365), 7], [Vector3(-237.37291, 27.189505, -81.07467), Vector3(0.17387126, 0.7549368, 0.6323284), Transform3D(-0.5584538, 0, -0.82953566, 0, 1, 0, 0.82953566, 0, -0.5584538, -237.37291, 27.189505, -81.07467), 7], [Vector3(-245.76538, 29.584759, -82.788086), Vector3(-0.009514448, 0.76507837, 0.64386696), Transform3D(-0.13321906, 0, -0.9910866, 0, 1, 0, 0.9910866, 0, -0.13321906, -245.76538, 29.584759, -82.788086), 7], [Vector3(-169.20201, 0, -132.10092), Vector3(-4.237505e-08, 1, 3.3335965e-09), Transform3D(0.9850105, 0, -0.17249438, 0, 1, 0, 0.17249438, 0, 0.9850105, -169.20201, 0, -132.10092), 7], [Vector3(-145.15218, 9.536743e-06, -115.878624), Vector3(1.9713352e-06, 1, -6.635195e-06), Transform3D(-0.69309217, 0, -0.720849, 0, 1, 0, 0.720849, 0, -0.69309217, -145.15218, 9.536743e-06, -115.878624), 7], [Vector3(-157.31999, 1.9073486e-06, -117.10367), Vector3(-5.939471e-07, 1, 1.665655e-06), Transform3D(-0.9737289, 0, 0.22771053, 0, 1, 0, -0.22771053, 0, -0.9737289, -157.31999, 1.9073486e-06, -117.10367), 7], [Vector3(-169.44481, 1.9073486e-06, -116.34343), Vector3(3.3192268e-12, 1, 1.06699836e-10), Transform3D(0.9824348, 0, 0.1866063, 0, 1, 0, -0.1866063, 0, 0.9824348, -169.44481, 1.9073486e-06, -116.34343), 7], [Vector3(-179.67143, 7.247925e-05, -115.23157), Vector3(7.735582e-05, 1, -1.1892541e-05), Transform3D(0.14802296, 0, 0.9889839, 0, 1, 0, -0.9889839, 0, 0.14802296, -179.67143, 7.247925e-05, -115.23157), 7], [Vector3(-193.58139, 0.5295067, -120.53996), Vector3(0.19119902, 0.9223937, -0.3356081), Transform3D(-0.85182154, 0, 0.5238321, 0, 1, 0, -0.5238321, 0, -0.85182154, -193.58139, 0.5295067, -120.53996), 7], [Vector3(-161.02945, 0, -102.01772), Vector3(-3.5992886e-29, 1, 5.447254e-28), Transform3D(-0.077308536, 0, 0.99700725, 0, 1, 0, -0.99700725, 0, -0.077308536, -161.02945, 0, -102.01772), 7], [Vector3(-170.27513, 0, -105.74395), Vector3(1.067475e-15, 1, 8.0457706e-16), Transform3D(0.43217298, 0, -0.90179074, 0, 1, 0, 0.90179074, 0, 0.43217298, -170.27513, 0, -105.74395), 7], [Vector3(-180.49481, 0.0022964478, -104.18145), Vector3(0.0033271858, 0.9999945, 7.863789e-05), Transform3D(0.8575512, 0, 0.51439863, 0, 1, 0, -0.51439863, 0, 0.8575512, -180.49481, 0.0022964478, -104.18145), 7], [Vector3(-147.30313, 1.9073486e-06, -91.37999), Vector3(-3.39739e-06, 1, 2.6660655e-07), Transform3D(0.4184671, 0, -0.908232, 0, 1, 0, 0.908232, 0, 0.4184671, -147.30313, 1.9073486e-06, -91.37999), 7], [Vector3(-155.88564, 0, -94.109695), Vector3(-1.9287658e-17, 1, 4.624823e-18), Transform3D(0.04637096, 0, -0.9989243, 0, 1, 0, 0.9989243, 0, 0.04637096, -155.88564, 0, -94.109695), 7], [Vector3(-168.23949, 0, -92.327095), Vector3(9.5880755e-26, 1, -8.454713e-29), Transform3D(-0.48755002, 0, 0.87309504, 0, 1, 0, -0.87309504, 0, -0.48755002, -168.23949, 0, -92.327095), 7], [Vector3(-179.326, 1.5258789e-05, -91.65212), Vector3(2.8684966e-05, 1, 8.092918e-07), Transform3D(0.9237033, 0, 0.3831086, 0, 1, 0, -0.3831086, 0, 0.9237033, -179.326, 1.5258789e-05, -91.65212), 7], [Vector3(-155.69397, 0, -79.31937), Vector3(-2.0424983e-16, 1, -1.2748838e-18), Transform3D(-0.9485034, 0, 0.31676707, 0, 1, 0, -0.31676707, 0, -0.9485034, -155.69397, 0, -79.31937), 7], [Vector3(-167.35126, 0, -78.14863), Vector3(1.9409416e-25, 1, -9.0660256e-27), Transform3D(0.39529297, 0, 0.9185551, 0, 1, 0, -0.9185551, 0, 0.39529297, -167.35126, 0, -78.14863), 7], [Vector3(-181.55888, 1.5258789e-05, -79.33549), Vector3(2.0974947e-05, 1, 2.111335e-06), Transform3D(-0.8842312, 0, -0.46704942, 0, 1, 0, 0.46704942, 0, -0.8842312, -181.55888, 1.5258789e-05, -79.33549), 7], [Vector3(-154.27028, 1.9073486e-06, -71.87434), Vector3(-4.0894055e-12, 1, -1.5839475e-13), Transform3D(0.48014528, 0, -0.877189, 0, 1, 0, 0.877189, 0, 0.48014528, -154.27028, 1.9073486e-06, -71.87434), 7], [Vector3(-166.38069, -1.9073486e-06, -70.461685), Vector3(-1.4411811e-22, 1, -1.6818984e-22), Transform3D(-0.7310881, 0, -0.6822831, 0, 1, 0, 0.6822831, 0, -0.7310881, -166.38069, -1.9073486e-06, -70.461685), 7], [Vector3(-182.89908, 1.9073486e-06, -65.29735), Vector3(1.3571055e-10, 1, 1.06183985e-10), Transform3D(0.44470206, 0, 0.8956786, 0, 1, 0, -0.8956786, 0, 0.44470206, -182.89908, 1.9073486e-06, -65.29735), 7], [Vector3(-167.42609, 0, -126.21925), Vector3(-4.4713926e-07, 1, 2.5802512e-07), Transform3D(-0.86760235, 0, 0.49725875, 0, 1, 0, -0.49725875, 0, -0.86760235, -167.42609, 0, -126.21925), 7], [Vector3(-188.33977, 0.94545746, -114.121666), Vector3(0.508546, 0.82407624, -0.24955845), Transform3D(0.99171066, 0, -0.12849106, 0, 1, 0, 0.12849106, 0, 0.99171066, -188.33977, 0.94545746, -114.121666), 7], [Vector3(-174.72792, 1.9073486e-06, -67.66545), Vector3(-1.4398978e-20, 1, -8.042186e-21), Transform3D(0.7019739, 0, -0.71220267, 0, 1, 0, 0.71220267, 0, 0.7019739, -174.72792, 1.9073486e-06, -67.66545), 7], [Vector3(-152.60397, 0.0017986298, -123.014984), Vector3(-0.00048814435, 0.9999981, 0.0019042861), Transform3D(0.44448912, 0, -0.89578426, 0, 1, 0, 0.89578426, 0, 0.44448912, -152.60397, 0.0017986298, -123.014984), 7], [Vector3(-157.4207, 0, -107.21096), Vector3(-1.4866106e-14, 1, 1.4106003e-13), Transform3D(0.49068, 0, 0.87133986, 0, 1, 0, -0.87133986, 0, 0.49068, -157.4207, 0, -107.21096), 7], [Vector3(-176.17409, 0, -79.43351), Vector3(1.1391307e-11, 1, 3.238846e-13), Transform3D(0.6540955, 0, -0.756412, 0, 1, 0, 0.756412, 0, 0.6540955, -176.17409, 0, -79.43351), 7], [Vector3(-151.63092, 0, -105.1749), Vector3(-8.926849e-08, 1, 1.0019654e-07), Transform3D(0.92406034, 0, -0.38224667, 0, 1, 0, 0.38224667, 0, 0.92406034, -151.63092, 0, -105.1749), 7], [Vector3(-152.07854, 0, -71.923355), Vector3(-2.2396414e-09, 1, -1.1015869e-10), Transform3D(0.9495349, 0, 0.31366146, 0, 1, 0, -0.31366146, 0, 0.9495349, -152.07854, 0, -71.923355), 7], [Vector3(-200.3597, 40.68954, -105.87517), Vector3(0.10018205, -0.009758836, -0.99492127), Transform3D(0.18062286, 0, 0.98355246, 0, 1, 0, -0.98355246, 0, 0.18062286, -200.3597, 40.68954, -105.87517), 7]]
=======
[sub_resource type="Resource" id="Resource_wgjca"]
resource_local_to_scene = true
resource_name = "MMIOctreeNode"
script = ExtResource("10_pdyqn")
max_members = 75
min_leaf_extent = 1.0
is_leaf = true
center_pos = Vector3(-337, -107, -257)
extent = 64.0
bounds = AABB(-401, -171, -321, 128, 128, 128)
max_bounds_to_center_dist = 110.85125168440814
min_bounds_to_center_dist = 64.0
active_LOD_index = 0
metadata/class = "MMIOctreeNode"

[sub_resource type="Resource" id="Resource_bhjje"]
resource_local_to_scene = true
resource_name = "MMIOctreeNode"
script = ExtResource("10_pdyqn")
max_members = 75
min_leaf_extent = 1.0
octant = 1
is_leaf = true
center_pos = Vector3(-337, -107, -129)
extent = 64.0
bounds = AABB(-401, -171, -193, 128, 128, 128)
max_bounds_to_center_dist = 110.85125168440814
min_bounds_to_center_dist = 64.0
active_LOD_index = 0
metadata/class = "MMIOctreeNode"

[sub_resource type="Resource" id="Resource_yrhgu"]
resource_local_to_scene = true
resource_name = "MMIOctreeNode"
script = ExtResource("10_pdyqn")
max_members = 75
min_leaf_extent = 1.0
octant = 2
is_leaf = true
center_pos = Vector3(-337, 21, -257)
extent = 64.0
bounds = AABB(-401, -43, -321, 128, 128, 128)
max_bounds_to_center_dist = 110.85125168440814
min_bounds_to_center_dist = 64.0
active_LOD_index = 0
metadata/class = "MMIOctreeNode"

[sub_resource type="Resource" id="Resource_a0ttt"]
resource_local_to_scene = true
resource_name = "MMIOctreeNode"
script = ExtResource("10_pdyqn")
max_members = 75
min_leaf_extent = 1.0
octant = 3
is_leaf = true
center_pos = Vector3(-337, 21, -129)
extent = 64.0
bounds = AABB(-401, -43, -193, 128, 128, 128)
max_bounds_to_center_dist = 110.85125168440814
min_bounds_to_center_dist = 64.0
active_LOD_index = 0
metadata/class = "MMIOctreeNode"

[sub_resource type="Resource" id="Resource_hxb2w"]
resource_local_to_scene = true
resource_name = "MMIOctreeNode"
script = ExtResource("10_pdyqn")
max_members = 75
min_leaf_extent = 1.0
octant = 4
is_leaf = true
center_pos = Vector3(-209, -107, -257)
extent = 64.0
bounds = AABB(-273, -171, -321, 128, 128, 128)
max_bounds_to_center_dist = 110.85125168440814
min_bounds_to_center_dist = 64.0
active_LOD_index = 0
metadata/class = "MMIOctreeNode"

[sub_resource type="Resource" id="Resource_w1jcc"]
resource_local_to_scene = true
resource_name = "MMIOctreeNode"
script = ExtResource("10_pdyqn")
max_members = 75
min_leaf_extent = 1.0
octant = 5
is_leaf = true
center_pos = Vector3(-209, -107, -129)
extent = 64.0
bounds = AABB(-273, -171, -193, 128, 128, 128)
max_bounds_to_center_dist = 110.85125168440814
min_bounds_to_center_dist = 64.0
active_LOD_index = 0
metadata/class = "MMIOctreeNode"

[sub_resource type="Resource" id="Resource_kbgbe"]
resource_local_to_scene = true
resource_name = "MMIOctreeNode"
script = ExtResource("10_pdyqn")
member_placeforms = [[Vector3(-210.39775, 7.023861, -224.90788), Vector3(-0.6100382, 0.5058229, 0.6099152), Transform3D(0.58276844, 0, 0.8126383, 0, 1, 0, -0.8126383, 0, 0.58276844, -210.39775, 7.023861, -224.90788), 1], [Vector3(-210.23601, 9.683195, -242.33649), Vector3(0.43239745, 0.90049434, -0.046286434), Transform3D(0.9881585, 0, -0.15343626, 0, 1, 0, 0.15343626, 0, 0.9881585, -210.23601, 9.683195, -242.33649), 1], [Vector3(-210.93422, 6.934509, -247.87067), Vector3(0.37210196, 0.7641685, -0.52686495), Transform3D(0.88370186, 0, -0.4680502, 0, 1, 0, 0.4680502, 0, 0.88370186, -210.93422, 6.934509, -247.87067), 1], [Vector3(-216.9018, 9.471844, -252.56792), Vector3(0.23598339, 0.73610836, -0.6343945), Transform3D(0.8927308, 0, -0.45059052, 0, 1, 0, 0.45059052, 0, 0.8927308, -216.9018, 9.471844, -252.56792), 1], [Vector3(-218.35857, 8.671302, -245.25316), Vector3(-0.7595717, 0.48375493, 0.43477812), Transform3D(0.9721312, 0, -0.23443773, 0, 1, 0, 0.23443773, 0, 0.9721312, -218.35857, 8.671302, -245.25316), 1], [Vector3(-216.4593, 6.593984, -239.53622), Vector3(-0.82565874, 0.41277987, 0.38457844), Transform3D(0.54873455, 0, -0.8359966, 0, 1, 0, 0.8359966, 0, 0.54873455, -216.4593, 6.593984, -239.53622), 1], [Vector3(-254.11183, 26.276838, -195.96573), Vector3(0.85114354, 0.28303915, -0.44208995), Transform3D(-0.8959766, 0, -0.44410136, 0, 1, 0, 0.44410136, 0, -0.8959766, -254.11183, 26.276838, -195.96573), 3], [Vector3(-254.46957, 22.986818, -197.73422), Vector3(0.85878605, 0.20269936, -0.47053117), Transform3D(0.7461456, 0, -0.6657828, 0, 1, 0, 0.6657828, 0, 0.7461456, -254.46957, 22.986818, -197.73422), 3], [Vector3(-149.64952, 11.59047, -210.73013), Vector3(0.5368249, 0.72689307, -0.42830554), Transform3D(0.8259786, 0, -0.5637016, 0, 1, 0, 0.5637016, 0, 0.8259786, -149.64952, 11.59047, -210.73013), 5], [Vector3(-152.1779, 10.689834, -197.93272), Vector3(0.19866353, 0.26461184, 0.94367015), Transform3D(-0.24707368, 0, 0.9689967, 0, 1, 0, -0.9689967, 0, -0.24707368, -152.1779, 10.689834, -197.93272), 5], [Vector3(-150.17488, 5.443276, -196.73836), Vector3(0.15940562, 0.3256172, 0.93196744), Transform3D(0.77061296, 0, -0.6373034, 0, 1, 0, 0.6373034, 0, 0.77061296, -150.17488, 5.443276, -196.73836), 5], [Vector3(-146.16606, 14.144894, -201.8879), Vector3(0.50395674, 0.7192152, 0.47828564), Transform3D(-0.67910147, 0, -0.73404443, 0, 1, 0, 0.73404443, 0, -0.67910147, -146.16606, 14.144894, -201.8879), 5], [Vector3(-146.6687, -1.0009668, -194.13284), Vector3(-0.012918459, 0.6409646, 0.7674617), Transform3D(-0.92594814, 0, -0.3776508, 0, 1, 0, 0.3776508, 0, -0.9259481, -146.6687, -1.0009668, -194.13284), 5], [Vector3(-158.72075, 9.630872, -197.21973), Vector3(-0.01510762, 0.32842308, 0.9444099), Transform3D(0.60426736, 0, -0.7967816, 0, 1, 0, 0.7967816, 0, 0.60426736, -158.72075, 9.630872, -197.21973), 5], [Vector3(-174.47926, 15.6758175, -213.71176), Vector3(-0.23160651, 0.8369878, -0.49579212), Transform3D(-0.07376434, 0, 0.9972757, 0, 1, 0, -0.9972757, 0, -0.07376434, -174.47926, 15.6758175, -213.71176), 5], [Vector3(-183.56189, 8.791693, -213.82956), Vector3(-0.69356674, 0.69955575, -0.17200886), Transform3D(-0.9163492, 0, -0.40038002, 0, 1, 0, 0.40038002, 0, -0.9163492, -183.56189, 8.791693, -213.82956), 5], [Vector3(-179.98468, 14.9061575, -206.61658), Vector3(-0.7232213, 0.6645901, -0.18780583), Transform3D(0.6938135, 0, -0.72015476, 0, 1, 0, 0.72015476, 0, 0.6938135, -179.98468, 14.9061575, -206.61658), 5], [Vector3(-183.29323, 11.605821, -207.033), Vector3(-0.73526186, 0.6616377, -0.14705655), Transform3D(-0.279474, 0, 0.9601533, 0, 1, 0, -0.9601533, 0, -0.279474, -183.29323, 11.605821, -207.033), 5], [Vector3(-199.5218, 5.073389, -227.7977), Vector3(0.56571466, 0.6925611, -0.447578), Transform3D(-0.14409378, 0, -0.98956406, 0, 1, 0, 0.98956406, 0, -0.14409378, -199.5218, 5.073389, -227.7977), 5], [Vector3(-201.39246, 8.087459, -216.70844), Vector3(0.28823683, 0.8947227, 0.34116116), Transform3D(-0.6018632, 0, -0.7985992, 0, 1, 0, 0.7985992, 0, -0.6018632, -201.39246, 8.087459, -216.70844), 5], [Vector3(-194.76956, 10.422174, -244.82564), Vector3(0.2620323, 0.61210436, 0.74610144), Transform3D(0.7087049, 0, 0.7055051, 0, 1, 0, -0.7055051, 0, 0.7087049, -194.76956, 10.422174, -244.82564), 5], [Vector3(-184.63179, 6.722131, -233.59781), Vector3(-0.63503194, 0.7657415, 0.101855226), Transform3D(0.694134, 0, -0.71984583, 0, 1, 0, 0.71984583, 0, 0.694134, -184.63179, 6.722131, -233.59781), 5], [Vector3(-193.85542, 1.9402971, -235.27301), Vector3(0.021372786, 0.960423, 0.27772462), Transform3D(-0.4245156, 0, -0.9054206, 0, 1, 0, 0.9054206, 0, -0.4245156, -193.85542, 1.9402971, -235.27301), 5], [Vector3(-207.98479, 8.368889, -232.09831), Vector3(0.14585406, 0.9619353, -0.23110001), Transform3D(-0.9109379, 0, 0.4125435, 0, 1, 0, -0.4125435, 0, -0.9109379, -207.98479, 8.368889, -232.09831), 5], [Vector3(-187.7041, 6.2949452, -224.36847), Vector3(-0.30206832, 0.94697565, -0.109507516), Transform3D(0.26621717, 0, -0.9639131, 0, 1, 0, 0.9639131, 0, 0.26621717, -187.7041, 6.2949452, -224.36847), 5], [Vector3(-194.14058, 11.276561, -234.89127), Vector3(-0.6128754, 0.015509504, 0.7900273), Transform3D(-0.9210683, 0, 0.389401, 0, 1, 0, -0.389401, 0, -0.9210683, -194.14058, 11.276561, -234.89127), 5], [Vector3(-184.99771, 9.531572, -233.08215), Vector3(-0.49783164, 0.00915323, 0.8672254), Transform3D(0.9438011, 0, -0.33051404, 0, 1, 0, 0.33051404, 0, 0.9438011, -184.99771, 9.531572, -233.08215), 5], [Vector3(-194.72371, 15.709715, -253.60667), Vector3(0.339285, 0.9386423, 0.061937846), Transform3D(-0.55675113, 0, 0.8306794, 0, 1, 0, -0.8306794, 0, -0.55675113, -194.72371, 15.709715, -253.60667), 5], [Vector3(-184.9975, 11.892854, -255.89705), Vector3(0.37554693, 0.8649771, 0.33283493), Transform3D(0.45186818, 0, -0.8920847, 0, 1, 0, 0.8920847, 0, 0.45186818, -184.9975, 11.892854, -255.89705), 5], [Vector3(-182.73367, 9.989674, -244.15407), Vector3(0.04189767, 0.95431596, 0.29584745), Transform3D(-0.9396717, 0, -0.34207764, 0, 1, 0, 0.34207764, 0, -0.9396717, -182.73367, 9.989674, -244.15407), 5], [Vector3(-187.11569, 11.748548, -252.92444), Vector3(0.5360548, 0.8436356, -0.030400863), Transform3D(0.9558114, 0, 0.29398066, 0, 1, 0, -0.29398066, 0, 0.9558114, -187.11569, 11.748548, -252.92444), 5], [Vector3(-199.10123, 14.42505, -254.66838), Vector3(-0.5754699, 0.6873947, 0.4430834), Transform3D(-0.8971921, 0, -0.44164044, 0, 1, 0, 0.44164044, 0, -0.8971921, -199.10123, 14.42505, -254.66838), 5], [Vector3(-204.33307, 9.543971, -253.84012), Vector3(-0.4812876, 0.81315875, 0.32731512), Transform3D(0.5848217, 0, -0.81116194, 0, 1, 0, 0.81116194, 0, 0.5848217, -204.33307, 9.543971, -253.84012), 5], [Vector3(-205.11742, 7.5663633, -242.39687), Vector3(0.569788, 0.8119206, -0.12699114), Transform3D(-0.9575664, 0, 0.28821295, 0, 1, 0, -0.28821295, 0, -0.9575664, -205.11742, 7.5663633, -242.39687), 5], [Vector3(-199.0049, 10.485347, -246.41106), Vector3(-0.5652956, 0.6742369, 0.47523215), Transform3D(-0.4058909, 0, 0.91392154, 0, 1, 0, -0.91392154, 0, -0.4058909, -199.0049, 10.485347, -246.41106), 5], [Vector3(-207.29323, 15.736028, -232.19884), Vector3(0.9761412, -0.008609675, -0.21696612), Transform3D(0.024861202, 0, 0.9996909, 0, 1, 0, -0.9996909, 0, 0.024861202, -207.29323, 15.736028, -232.19884), 5], [Vector3(-198.35106, 4.146295, -238.70587), Vector3(0.14634238, 0.6784994, 0.71987677), Transform3D(0.9951876, 0, 0.09798838, 0, 1, 0, -0.09798838, 0, 0.9951876, -198.35106, 4.146295, -238.70587), 5], [Vector3(-176.13094, 12.829848, -241.79613), Vector3(-0.3299354, 0.8597004, -0.38994607), Transform3D(0.10740436, 0, 0.9942154, 0, 1, 0, -0.9942154, 0, 0.10740436, -176.13094, 12.829848, -241.79613), 5], [Vector3(-171.2615, 12.7092085, -236.64575), Vector3(0.017669043, 0.9151109, -0.40281507), Transform3D(-0.8786781, 0, -0.47741473, 0, 1, 0, 0.47741473, 0, -0.8786781, -171.2615, 12.7092085, -236.64575), 5], [Vector3(-177.93474, 11.10104, -227.55704), Vector3(-0.73002297, 0.62447035, -0.27767473), Transform3D(0.7454868, 0, 0.6665204, 0, 1, 0, -0.6665204, 0, 0.7454868, -177.93474, 11.10104, -227.55704), 5], [Vector3(-187.72418, 5.626607, -226.71072), Vector3(-0.0141568035, 0.94816583, -0.31746063), Transform3D(-0.23123524, 0, -0.9728979, 0, 1, 0, 0.9728979, 0, -0.23123524, -187.72418, 5.626607, -226.71072), 5], [Vector3(-183.35051, 8.00153, -224.54042), Vector3(-0.4262204, 0.7495702, -0.5064393), Transform3D(0.4876415, 0, -0.873044, 0, 1, 0, 0.873044, 0, 0.4876415, -183.35051, 8.00153, -224.54042), 5], [Vector3(-163.32452, 15.320585, -253.96873), Vector3(-0.3774676, 0.68497306, 0.6231614), Transform3D(-0.63216615, 0, 0.77483284, 0, 1, 0, -0.77483284, 0, -0.63216615, -163.32452, 15.320585, -253.96873), 5], [Vector3(-165.20705, 7.4802074, -245.89305), Vector3(0.31511587, 0.88977045, 0.33016747), Transform3D(-0.48275614, 0, 0.87575483, 0, 1, 0, -0.87575483, 0, -0.48275614, -165.20705, 7.4802074, -245.89305), 5], [Vector3(-163.75227, 12.319202, -231.30005), Vector3(-0.17223187, 0.853969, -0.4909921), Transform3D(0.45768705, 0, -0.88911337, 0, 1, 0, 0.88911337, 0, 0.45768705, -163.75227, 12.319202, -231.30005), 5], [Vector3(-153.44226, 19.0043, -245.3784), Vector3(-0.7953885, 0.44476604, 0.41175267), Transform3D(0.71020365, 0, 0.7039963, 0, 1, 0, -0.7039963, 0, 0.71020365, -153.44226, 19.0043, -245.3784), 5], [Vector3(-163.8086, 10.323809, -234.08885), Vector3(-0.2477295, 0.9249739, -0.28818986), Transform3D(-0.33007178, 0, -0.94395584, 0, 1, 0, 0.94395584, 0, -0.33007178, -163.8086, 10.323809, -234.08885), 5], [Vector3(-163.3157, 10.8211565, -249.99153), Vector3(-0.30683282, 0.66717863, 0.6787683), Transform3D(-0.9269657, 0, 0.37514603, 0, 1, 0, -0.37514603, 0, -0.9269657, -163.3157, 10.8211565, -249.99153), 5], [Vector3(-156.83589, 13.431027, -234.35185), Vector3(-0.34615842, 0.8646382, -0.36410877), Transform3D(-0.048882145, 0, -0.99880457, 0, 1, 0, 0.99880457, 0, -0.048882145, -156.83589, 13.431027, -234.35185), 5], [Vector3(-152.84673, 15.607144, -235.477), Vector3(-0.5369067, 0.82407385, 0.18064731), Transform3D(-0.54550296, 0, -0.8381089, 0, 1, 0, 0.8381089, 0, -0.54550296, -152.84673, 15.607144, -235.477), 5], [Vector3(-149.61403, 15.194738, -229.51303), Vector3(-0.5392248, 0.8027062, 0.25475368), Transform3D(-0.3624975, 0, -0.9319848, 0, 1, 0, 0.9319848, 0, -0.3624975, -149.61403, 15.194738, -229.51303), 5], [Vector3(-152.75203, 17.613678, -241.63821), Vector3(-0.7514401, 0.5909864, 0.29338193), Transform3D(0.9986699, 0, 0.051560093, 0, 1, 0, -0.051560093, 0, 0.9986699, -152.75203, 17.613678, -241.63821), 5], [Vector3(-145.37582, 21.86607, -234.19478), Vector3(-0.6679363, 0.655953, 0.35154906), Transform3D(-0.9010994, 0, 0.43361259, 0, 1, 0, -0.43361259, 0, -0.9010994, -145.37582, 21.86607, -234.19478), 7], [Vector3(-145.76755, 31.45765, -233.65074), Vector3(-0.77728754, 0.0015370296, 0.6291436), Transform3D(-0.009743255, 0, 0.99995255, 0, 1, 0, -0.99995255, 0, -0.009743255, -145.76755, 31.45765, -233.65074), 7], [Vector3(-147.94003, 25.875349, -245.01657), Vector3(-0.64125055, 0.59493154, 0.48461762), Transform3D(0.27589864, 0, 0.96118677, 0, 1, 0, -0.96118677, 0, 0.27589864, -147.94003, 25.875349, -245.01657), 7], [Vector3(-148.27032, 31.510628, -253.94388), Vector3(-0.6264048, 0.6049702, 0.49155673), Transform3D(-0.4456327, 0, 0.8952159, 0, 1, 0, -0.8952159, 0, -0.4456327, -148.27032, 31.510628, -253.94388), 7], [Vector3(-146.31505, 38.227234, -233.16397), Vector3(-0.74966156, -0.013606341, 0.66168153), Transform3D(0.00224368, 0, -0.9999975, 0, 1, 0, 0.9999975, 0, 0.00224368, -146.31505, 38.227234, -233.16397), 7]]
max_members = 75
min_leaf_extent = 1.0
octant = 6
is_leaf = true
center_pos = Vector3(-209, 21, -257)
extent = 64.0
bounds = AABB(-273, -43, -321, 128, 128, 128)
max_bounds_to_center_dist = 110.85125168440814
min_bounds_to_center_dist = 64.0
active_LOD_index = 0
metadata/class = "MMIOctreeNode"

[sub_resource type="Resource" id="Resource_jrcfp"]
resource_local_to_scene = true
resource_name = "MMIOctreeNode"
script = ExtResource("10_pdyqn")
