[gd_scene load_steps=192 format=3 uid="uid://djrfnrvonn28a"]

[ext_resource type="Script" uid="uid://dnrelw0fv4ou8" path="res://addons/zylann.hterrain/hterrain.gd" id="1_vkfpg"]
[ext_resource type="Resource" uid="uid://cvdiqhobsa68x" path="res://data.hterrain" id="2_4jvn2"]
[ext_resource type="Script" uid="uid://bijdjc8imckni" path="res://addons/zylann.hterrain/hterrain_texture_set.gd" id="2_hnmld"]
[ext_resource type="Texture2D" uid="uid://uvty2e4akmu3" path="res://Wendigo Level/wendigo_forest_slot0_albedo_bump.png" id="3_4jvn2"]
[ext_resource type="PackedScene" uid="uid://begfsx85rdr33" path="res://ship.tscn" id="4_imb3h"]
[ext_resource type="Script" uid="uid://bc7pailucq83t" path="res://addons/dreadpon.spatial_gardener/gardener/gardener.gd" id="6_yn410"]
[ext_resource type="Script" uid="uid://dieiojnt518h" path="res://addons/dreadpon.spatial_gardener/arborist/mmi_octree/mmi_octree_node.gd" id="7_ldref"]
[ext_resource type="Script" uid="uid://c4s4x5b27vdf6" path="res://addons/dreadpon.spatial_gardener/arborist/mmi_octree/mmi_octree_manager.gd" id="8_wkpj2"]
[ext_resource type="Script" uid="uid://d1pavk3gl4atd" path="res://addons/dreadpon.spatial_gardener/arborist/arborist.gd" id="9_oj863"]
[ext_resource type="PackedScene" uid="uid://cwqd117ianhrh" path="res://globalScenes/z.tscn" id="10_ldref"]

[sub_resource type="Resource" id="Resource_v75ir"]
script = ExtResource("2_hnmld")
mode = 0
textures = [[ExtResource("3_4jvn2")], [null]]

[sub_resource type="BoxMesh" id="BoxMesh_yn410"]

[sub_resource type="Resource" id="Resource_aiu5o"]
resource_local_to_scene = true
resource_name = "MMIOctreeNode"
script = ExtResource("7_ldref")
max_members = 75
min_leaf_extent = 1.0
octant = -1
is_leaf = true
center_pos = Vector3(127, -213, 127)
extent = 128.0
bounds = AABB(-1, -341, -1, 256, 256, 256)
max_bounds_to_center_dist = 221.70250336881628
min_bounds_to_center_dist = 128.0
active_LOD_index = 0
metadata/class = "MMIOctreeNode"

[sub_resource type="Resource" id="Resource_7cxmc"]
resource_local_to_scene = true
resource_name = "MMIOctreeNode"
script = ExtResource("7_ldref")
max_members = 75
min_leaf_extent = 1.0
octant = 1
is_leaf = true
center_pos = Vector3(127, -213, 383)
extent = 128.0
bounds = AABB(-1, -341, 255, 256, 256, 256)
max_bounds_to_center_dist = 221.70250336881628
min_bounds_to_center_dist = 128.0
active_LOD_index = 0
metadata/class = "MMIOctreeNode"

[sub_resource type="Resource" id="Resource_xu3up"]
resource_local_to_scene = true
resource_name = "MMIOctreeNode"
script = ExtResource("7_ldref")
max_members = 75
min_leaf_extent = 1.0
octant = -1
is_leaf = true
center_pos = Vector3(63, -21, 63)
extent = 64.0
bounds = AABB(-1, -85, -1, 128, 128, 128)
max_bounds_to_center_dist = 110.85125168440814
min_bounds_to_center_dist = 64.0
active_LOD_index = 0
metadata/class = "MMIOctreeNode"

[sub_resource type="Resource" id="Resource_wutkj"]
resource_local_to_scene = true
resource_name = "MMIOctreeNode"
script = ExtResource("7_ldref")
member_placeforms = [[Vector3(126.18117, 23.585085, 246.13844), Vector3(0.77157164, 0.5855004, 0.24873002), Transform3D(0.08462647, 0, 0.99641275, 0, 1, 0, -0.99641275, 0, 0.08462647, 126.18117, 23.585085, 246.13844), 7]]
max_members = 75
min_leaf_extent = 1.0
octant = 1
is_leaf = true
center_pos = Vector3(63, -21, 191)
extent = 64.0
bounds = AABB(-1, -85, 127, 128, 128, 128)
max_bounds_to_center_dist = 110.85125168440814
min_bounds_to_center_dist = 64.0
active_LOD_index = 0
metadata/class = "MMIOctreeNode"

[sub_resource type="Resource" id="Resource_e3f1l"]
resource_local_to_scene = true
resource_name = "MMIOctreeNode"
script = ExtResource("7_ldref")
max_members = 75
min_leaf_extent = 1.0
octant = 2
is_leaf = true
center_pos = Vector3(63, 107, 63)
extent = 64.0
bounds = AABB(-1, 43, -1, 128, 128, 128)
max_bounds_to_center_dist = 110.85125168440814
min_bounds_to_center_dist = 64.0
active_LOD_index = 0
metadata/class = "MMIOctreeNode"

[sub_resource type="Resource" id="Resource_84xt7"]
resource_local_to_scene = true
resource_name = "MMIOctreeNode"
script = ExtResource("7_ldref")
max_members = 75
min_leaf_extent = 1.0
octant = 3
is_leaf = true
center_pos = Vector3(63, 107, 191)
extent = 64.0
bounds = AABB(-1, 43, 127, 128, 128, 128)
max_bounds_to_center_dist = 110.85125168440814
min_bounds_to_center_dist = 64.0
active_LOD_index = 0
metadata/class = "MMIOctreeNode"

[sub_resource type="Resource" id="Resource_isdlb"]
resource_local_to_scene = true
resource_name = "MMIOctreeNode"
script = ExtResource("7_ldref")
member_placeforms = [[Vector3(240.3582, 2.6105716, 91.66829), Vector3(-0.15329586, 0.8521603, -0.50032306), Transform3D(-0.9936398, 0, -0.11260488, 0, 1, 0, 0.11260488, 0, -0.9936398, 240.3582, 2.6105716, 91.66829), 7], [Vector3(239.62659, 10.25799, 99.995575), Vector3(-0.20215227, 0.60586977, -0.769452), Transform3D(0.45395535, 0, 0.8910244, 0, 1, 0, -0.8910244, 0, 0.45395535, 239.62659, 10.25799, 99.995575), 7], [Vector3(238.31468, 18.733315, 106.511215), Vector3(-0.18174334, 0.58903146, -0.78740805), Transform3D(-0.37242842, 0, 0.92806095, 0, 1, 0, -0.92806095, 0, -0.37242842, 238.31468, 18.733315, 106.511215), 7], [Vector3(250.25093, 4.0141315, 90.83124), Vector3(-0.17503455, 0.77861154, -0.60260016), Transform3D(0.6030328, 0, -0.7977164, 0, 1, 0, 0.7977164, 0, 0.6030328, 250.25093, 4.0141315, 90.83124), 7], [Vector3(254.88283, 12.457973, 96.524155), Vector3(-0.24215692, 0.5060828, -0.8277924), Transform3D(-0.9222586, 0, -0.38657358, 0, 1, 0, 0.38657358, 0, -0.9222586, 254.88283, 12.457973, 96.524155), 7], [Vector3(249.22038, 22.343466, 104.48477), Vector3(-0.41265544, 0.4755631, -0.7768882), Transform3D(-0.18417574, 0, 0.98289335, 0, 1, 0, -0.98289335, 0, -0.18417574, 249.22038, 22.343466, 104.48477), 7], [Vector3(253.0264, 30.856462, 107.45375), Vector3(-0.49672323, 0.46369433, -0.73365766), Transform3D(0.23179592, 0, -0.97276443, 0, 1, 0, 0.97276443, 0, 0.23179592, 253.0264, 30.856462, 107.45375), 7], [Vector3(248.93156, 33.554237, 117.701584), Vector3(-0.69691217, 0.6974043, 0.16715474), Transform3D(-0.18422823, 0, 0.9828835, 0, 1, 0, -0.9828835, 0, -0.18422823, 248.93156, 33.554237, 117.701584), 7], [Vector3(243.21591, 23.665333, 125.198456), Vector3(-0.1684617, 0.620255, 0.7660969), Transform3D(0.8674766, 0, -0.49747813, 0, 1, 0, 0.49747813, 0, 0.8674766, 243.21591, 23.665333, 125.198456), 7]]
max_members = 75
min_leaf_extent = 1.0
octant = 4
is_leaf = true
center_pos = Vector3(191, -21, 63)
extent = 64.0
bounds = AABB(127, -85, -1, 128, 128, 128)
max_bounds_to_center_dist = 110.85125168440814
min_bounds_to_center_dist = 64.0
active_LOD_index = 0
metadata/class = "MMIOctreeNode"

[sub_resource type="Resource" id="Resource_36tkk"]
resource_local_to_scene = true
resource_name = "MMIOctreeNode"
script = ExtResource("7_ldref")
max_members = 75
min_leaf_extent = 1.0
octant = -1
is_leaf = true
center_pos = Vector3(159, -53, 159)
extent = 32.0
bounds = AABB(127, -85, 127, 64, 64, 64)
max_bounds_to_center_dist = 55.42562584220407
min_bounds_to_center_dist = 32.0
active_LOD_index = 0
metadata/class = "MMIOctreeNode"

[sub_resource type="Resource" id="Resource_v83yi"]
resource_local_to_scene = true
resource_name = "MMIOctreeNode"
script = ExtResource("7_ldref")
max_members = 75
min_leaf_extent = 1.0
octant = 1
is_leaf = true
center_pos = Vector3(159, -53, 223)
extent = 32.0
bounds = AABB(127, -85, 191, 64, 64, 64)
max_bounds_to_center_dist = 55.42562584220407
min_bounds_to_center_dist = 32.0
active_LOD_index = 0
metadata/class = "MMIOctreeNode"

[sub_resource type="Resource" id="Resource_y6d7c"]
resource_local_to_scene = true
resource_name = "MMIOctreeNode"
script = ExtResource("7_ldref")
member_placeforms = [[Vector3(188.20567, 11.720754, 178.07275), Vector3(0.4453838, 0.6491917, 0.6165902), Transform3D(-0.5878996, 0, -0.8089339, 0, 1, 0, 0.8089339, 0, -0.5878996, 188.20567, 11.720754, 178.07275), 7], [Vector3(155.77838, 15.202002, 174.47823), Vector3(-0.6114304, 0.7183713, -0.3318066), Transform3D(0.8981155, 0, -0.4397596, 0, 1, 0, 0.4397596, 0, 0.8981155, 155.77838, 15.202002, 174.47823), 3], [Vector3(166.3143, 21.41239, 178.42523), Vector3(-0.095115766, 0.9677105, 0.23342973), Transform3D(-0.61019534, 0, 0.792251, 0, 1, 0, -0.792251, 0, -0.61019534, 166.3143, 21.41239, 178.42523), 7], [Vector3(155.95847, 18.126474, 183.36697), Vector3(-0.38256624, 0.91678804, -0.114642225), Transform3D(0.9506448, 0, 0.31028134, 0, 1, 0, -0.31028134, 0, 0.9506448, 155.95847, 18.126474, 183.36697), 3], [Vector3(141.82147, 9.809538, 185.595), Vector3(-0.5331133, 0.72715497, -0.4324764), Transform3D(0.6871556, 0, -0.7265103, 0, 1, 0, 0.7265103, 0, 0.6871556, 141.82147, 9.809538, 185.595), 1], [Vector3(179.52284, 23.09239, 170.31503), Vector3(0.19793019, 0.8423155, 0.50132656), Transform3D(0.37866935, 0, -0.92553204, 0, 1, 0, 0.92553204, 0, 0.37866935, 179.52284, 23.09239, 170.31503), 7], [Vector3(181.47345, 16.857803, 177.34995), Vector3(0.42588627, 0.6981124, 0.5755518), Transform3D(-0.7107868, 0, 0.70340747, 0, 1, 0, -0.70340747, 0, -0.7107868, 181.47345, 16.857803, 177.34995), 7], [Vector3(179.91797, 9.688227, 186.89096), Vector3(0.4385128, 0.69044566, 0.57531846), Transform3D(0.611112, 0, -0.79154414, 0, 1, 0, 0.79154414, 0, 0.611112, 179.91797, 9.688227, 186.89096), 5], [Vector3(188.75775, 23.734425, 166.49344), Vector3(0.28030145, 0.623835, 0.7295622), Transform3D(-0.4727787, 0, 0.88118124, 0, 1, 0, -0.88118124, 0, -0.4727787, 188.75775, 23.734425, 166.49344), 7]]
max_members = 75
min_leaf_extent = 1.0
octant = 2
is_leaf = true
center_pos = Vector3(159, 11, 159)
extent = 32.0
bounds = AABB(127, -21, 127, 64, 64, 64)
max_bounds_to_center_dist = 55.42562584220407
min_bounds_to_center_dist = 32.0
active_LOD_index = 0
metadata/class = "MMIOctreeNode"

[sub_resource type="Resource" id="Resource_yt6ot"]
resource_local_to_scene = true
resource_name = "MMIOctreeNode"
script = ExtResource("7_ldref")
member_placeforms = [[Vector3(186.4711, 9.440538, 242.25179), Vector3(0.046448734, 0.91825247, -0.39326203), Transform3D(-0.83345544, 0, 0.5525867, 0, 1, 0, -0.5525867, 0, -0.83345544, 186.4711, 9.440538, 242.25179), 5], [Vector3(182.19354, 3.562852, 216.43202), Vector3(0.3042408, 0.83440953, 0.4595632), Transform3D(0.4087378, 0, -0.9126519, 0, 1, 0, 0.9126519, 0, 0.4087378, 182.19354, 3.562852, 216.43202), 4], [Vector3(175.25992, 9.17017, 244.14796), Vector3(-0.2317921, 0.9117742, -0.33902848), Transform3D(-0.4238383, 0, -0.9057379, 0, 1, 0, 0.9057379, 0, -0.4238383, 175.25992, 9.17017, 244.14796), 5], [Vector3(181.82297, 11.901627, 250.13748), Vector3(-0.088218726, 0.9866045, -0.1372189), Transform3D(0.97298473, 0, 0.23086962, 0, 1, 0, -0.23086962, 0, 0.97298473, 181.82297, 11.901627, 250.13748), 7], [Vector3(189.08133, 4.041353, 225.21109), Vector3(0.05606522, 0.9894829, -0.1333431), Transform3D(-0.8124496, 0, -0.5830315, 0, 1, 0, 0.5830315, 0, -0.8124496, 189.08133, 4.041353, 225.21109), 5], [Vector3(174.20764, 3.5955076, 224.51588), Vector3(0.35898012, 0.9208151, 0.15242337), Transform3D(-0.90709, 0, 0.42093676, 0, 1, 0, -0.42093676, 0, -0.90709, 174.20764, 3.5955076, 224.51588), 5], [Vector3(183.95258, 7.4764576, 237.2591), Vector3(0.0024384148, 0.92841804, -0.37152934), Transform3D(-0.9515387, 0, 0.30752912, 0, 1, 0, -0.30752912, 0, -0.9515387, 183.95258, 7.4764576, 237.2591), 5], [Vector3(181.17723, 4.393917, 227.22829), Vector3(-0.07579633, 0.9709693, -0.22687784), Transform3D(-0.47718894, 0, 0.87880075, 0, 1, 0, -0.87880075, 0, -0.47718894, 181.17723, 4.393917, 227.22829), 5], [Vector3(173.04575, 10.709553, 253.35648), Vector3(-0.20800869, 0.97756755, -0.033077333), Transform3D(-0.8075311, 0, 0.589825, 0, 1, 0, -0.589825, 0, -0.8075311, 173.04575, 10.709553, 253.35648), 5], [Vector3(162.38275, 11.318585, 252.95033), Vector3(0.7720162, 0.63536286, -0.017464697), Transform3D(-0.33026722, 0, -0.9438875, 0, 1, 0, 0.9438875, 0, -0.33026722, 162.38275, 11.318585, 252.95033), 7], [Vector3(158.17459, 18.830399, 253.29178), Vector3(0.89383996, 0.44228485, 0.07371808), Transform3D(-0.64772385, 0, -0.7618753, 0, 1, 0, 0.7618753, 0, -0.64772385, 158.17459, 18.830399, 253.29178), 3], [Vector3(155.59137, 10.349836, 220.90569), Vector3(-0.56166416, 0.7042149, -0.43429816), Transform3D(-0.9405165, 0, 0.33974802, 0, 1, 0, -0.33974802, 0, -0.9405165, 155.59137, 10.349836, 220.90569), 0], [Vector3(142.2211, 17.91091, 220.97884), Vector3(0.6966222, 0.6199208, 0.36113134), Transform3D(0.9898201, 0, 0.14232413, 0, 1, 0, -0.14232413, 0, 0.9898201, 142.2211, 17.91091, 220.97884), 2], [Vector3(137.58289, 22.908163, 219.79959), Vector3(0.57785994, 0.77361596, 0.25999284), Transform3D(0.98797405, 0, 0.15462005, 0, 1, 0, -0.15462004, 0, 0.98797405, 137.58289, 22.908163, 219.79959), 2], [Vector3(167.9401, 8.362642, 227.6497), Vector3(0.8126904, 0.5340293, 0.23312445), Transform3D(-0.093723066, 0, 0.9955983, 0, 1, 0, -0.9955983, 0, -0.093723066, 167.9401, 8.362642, 227.6497), 5], [Vector3(160.33405, 17.33149, 227.76517), Vector3(0.2699489, 0.959929, 0.07525993), Transform3D(-0.997058, 0, -0.07665149, 0, 1, 0, 0.07665149, 0, -0.997058, 160.33405, 17.33149, 227.76517), 7], [Vector3(143.16977, 11.863878, 229.26404), Vector3(0.52924055, 0.7737964, 0.34805694), Transform3D(-0.30293846, 0, 0.95301014, 0, 1, 0, -0.95301014, 0, -0.30293846, 143.16977, 11.863878, 229.26404), 3], [Vector3(133.56877, 23.033508, 228.06084), Vector3(0.68092906, 0.6716187, 0.29200006), Transform3D(-0.7688049, 0, 0.6394834, 0, 1, 0, -0.6394834, 0, -0.7688049, 133.56877, 23.033508, 228.06084), 3], [Vector3(165.7249, 11.794777, 238.20859), Vector3(0.83984053, 0.5393249, 0.061616424), Transform3D(0.12773311, 0, 0.9918086, 0, 1, 0, -0.9918086, 0, 0.12773311, 165.7249, 11.794777, 238.20859), 7], [Vector3(160.87909, 19.025967, 236.27362), Vector3(0.6954345, 0.6873663, -0.20951976), Transform3D(0.4383979, 0, 0.898781, 0, 1, 0, -0.898781, 0, 0.4383979, 160.87909, 19.025967, 236.27362), 7], [Vector3(142.09671, 10.02313, 239.39853), Vector3(0.1397201, 0.9896857, -0.03163084), Transform3D(-0.8785502, 0, 0.47765017, 0, 1, 0, -0.47765017, 0, -0.8785502, 142.09671, 10.02313, 239.39853), 1], [Vector3(184.01971, 20.581112, 199.71973), Vector3(-0.66653794, 0.5222578, -0.5319531), Transform3D(0.99980134, 0, -0.019931339, 0, 1, 0, 0.019931339, 0, 0.99980134, 184.01971, 20.581112, 199.71973), 6], [Vector3(180.3377, 13.101459, 198.22835), Vector3(-0.58705443, 0.42539322, -0.6887727), Transform3D(0.5731153, 0, 0.81947476, 0, 1, 0, -0.81947476, 0, 0.5731153, 180.3377, 13.101459, 198.22835), 6], [Vector3(165.84805, 8.239059, 200.96973), Vector3(0.21019581, 0.97439104, 0.07987383), Transform3D(-0.17055063, 0, 0.98534894, 0, 1, 0, -0.98534894, 0, -0.17055063, 165.84805, 8.239059, 200.96973), 4], [Vector3(155.64056, 15.529778, 198.74832), Vector3(0.47356102, 0.81656253, 0.3300994), Transform3D(0.8774932, 0, 0.47958907, 0, 1, 0, -0.47958907, 0, 0.8774932, 155.64056, 15.529778, 198.74832), 2], [Vector3(167.66959, 15.683033, 207.72264), Vector3(-0.6151872, 0.43795624, -0.6555448), Transform3D(-0.9466693, 0, -0.32220703, 0, 1, 0, 0.32220703, 0, -0.9466692, 167.66959, 15.683033, 207.72264), 6], [Vector3(157.39252, 8.532787, 214.80678), Vector3(-0.32496244, 0.9174512, -0.2295273), Transform3D(-0.7714838, 0, 0.636249, 0, 1, 0, -0.636249, 0, -0.7714838, 157.39252, 8.532787, 214.80678), 0], [Vector3(140.62006, 21.339092, 205.3655), Vector3(-0.06761474, 0.920984, -0.3836883), Transform3D(0.40713874, 0, 0.9133663, 0, 1, 0, -0.9133663, 0, 0.40713874, 140.62006, 21.339092, 205.3655), 2], [Vector3(176.02692, 16.653809, 193.9957), Vector3(0.40110362, 0.79224014, 0.45986035), Transform3D(0.5227121, 0, -0.85250926, 0, 1, 0, 0.85250926, 0, 0.5227121, 176.02692, 16.653809, 193.9957), 6], [Vector3(168.7033, 22.910908, 193.0498), Vector3(0.41588786, 0.6352238, 0.65079033), Transform3D(-0.5049507, 0, -0.8631482, 0, 1, 0, 0.8631482, 0, -0.5049507, 168.7033, 22.910908, 193.0498), 6], [Vector3(163.74992, 19.092552, 200.5108), Vector3(0.38329878, 0.75475836, 0.5323738), Transform3D(0.10903884, 0, -0.9940375, 0, 1, 0, 0.9940375, 0, 0.10903884, 163.74992, 19.092552, 200.5108), 6]]
max_members = 75
min_leaf_extent = 1.0
octant = 3
is_leaf = true
center_pos = Vector3(159, 11, 223)
extent = 32.0
bounds = AABB(127, -21, 191, 64, 64, 64)
max_bounds_to_center_dist = 55.42562584220407
min_bounds_to_center_dist = 32.0
active_LOD_index = 0
metadata/class = "MMIOctreeNode"

[sub_resource type="Resource" id="Resource_cdtnh"]
resource_local_to_scene = true
resource_name = "MMIOctreeNode"
script = ExtResource("7_ldref")
max_members = 75
min_leaf_extent = 1.0
octant = 4
is_leaf = true
center_pos = Vector3(223, -53, 159)
extent = 32.0
bounds = AABB(191, -85, 127, 64, 64, 64)
max_bounds_to_center_dist = 55.42562584220407
min_bounds_to_center_dist = 32.0
active_LOD_index = 0
metadata/class = "MMIOctreeNode"

[sub_resource type="Resource" id="Resource_bdp16"]
resource_local_to_scene = true
resource_name = "MMIOctreeNode"
script = ExtResource("7_ldref")
max_members = 75
min_leaf_extent = 1.0
octant = 5
is_leaf = true
center_pos = Vector3(223, -53, 223)
extent = 32.0
bounds = AABB(191, -85, 191, 64, 64, 64)
max_bounds_to_center_dist = 55.42562584220407
min_bounds_to_center_dist = 32.0
active_LOD_index = 0
metadata/class = "MMIOctreeNode"

[sub_resource type="Resource" id="Resource_1g2un"]
resource_local_to_scene = true
resource_name = "MMIOctreeNode"
script = ExtResource("7_ldref")
member_placeforms = [[Vector3(192.11244, 9.485247, 189.34883), Vector3(-0.11426917, 0.4397577, -0.89081746), Transform3D(-0.44984183, 0, -0.89310825, 0, 1, 0, 0.89310825, 0, -0.44984183, 192.11244, 9.485247, 189.34883), 1], [Vector3(193.38637, 29.159214, 160.24863), Vector3(0.33882254, 0.6012503, 0.7236694), Transform3D(-0.9587018, 0, -0.28441328, 0, 1, 0, 0.28441328, 0, -0.9587018, 193.38637, 29.159214, 160.24863), 3], [Vector3(198.89038, 34.731895, 149.08484), Vector3(0.55836564, 0.79322916, 0.24293067), Transform3D(-0.99928844, 0, -0.037718523, 0, 1, 0, 0.03771852, 0, -0.99928844, 198.89038, 34.731895, 149.08484), 2], [Vector3(202.78096, 26.097324, 155.00911), Vector3(0.66409945, 0.52387106, 0.5334145), Transform3D(0.9907594, 0, -0.13563153, 0, 1, 0, 0.13563153, 0, 0.9907594, 202.78096, 26.097324, 155.00911), 2], [Vector3(199.57896, 18.588406, 164.55121), Vector3(0.5209929, 0.52510226, 0.67292947), Transform3D(-0.06317395, 0, -0.9980025, 0, 1, 0, 0.9980025, 0, -0.06317395, 199.57896, 18.588406, 164.55121), 3], [Vector3(198.80475, 10.34765, 171.92862), Vector3(0.46011335, 0.6093161, 0.6457783), Transform3D(-0.37054965, 0, -0.9288127, 0, 1, 0, 0.9288127, 0, -0.37054965, 198.80475, 10.34765, 171.92862), 1], [Vector3(203.58307, 2.51576, 180.70255), Vector3(-0.009506841, 0.9990375, -0.04282259), Transform3D(-0.9998301, 0, -0.018433316, 0, 1, 0, 0.018433316, 0, -0.9998301, 203.58307, 2.51576, 180.70255), 1], [Vector3(205.99165, 29.127544, 141.40149), Vector3(0.6847769, 0.727616, 0.04068803), Transform3D(-0.42050514, 0, -0.90729016, 0, 1, 0, 0.90729016, 0, -0.42050514, 205.99165, 29.127544, 141.40149), 2], [Vector3(210.08298, 21.074594, 147.80826), Vector3(0.7614773, 0.5414773, 0.35630706), Transform3D(-0.9623942, 0, 0.27165702, 0, 1, 0, -0.27165702, 0, -0.9623942, 210.08298, 21.074594, 147.80826), 2], [Vector3(210.89659, 11.224324, 158.63248), Vector3(0.70846033, 0.53888416, 0.45572782), Transform3D(0.18219376, 0, -0.98326266, 0, 1, 0, 0.98326266, 0, 0.18219376, 210.89659, 11.224324, 158.63248), 2], [Vector3(222.62308, 18.469025, 179.36734), Vector3(0.1403812, 0.949594, 0.28029332), Transform3D(-0.8733981, 0, 0.48700693, 0, 1, 0, -0.48700693, 0, -0.8733981, 222.62308, 18.469025, 179.36734), 3], [Vector3(217.73978, 21.748978, 135.89784), Vector3(0.47167933, 0.6454753, 0.60073304), Transform3D(-0.98471546, 0, 0.17417085, 0, 1, 0, -0.17417085, 0, -0.98471546, 217.73978, 21.748978, 135.89784), 2], [Vector3(215.74684, 18.046078, 141.98401), Vector3(0.64301217, 0.5797312, 0.5004468), Transform3D(-0.6739234, 0, -0.7388013, 0, 1, 0, 0.7388013, 0, -0.6739234, 215.74684, 18.046078, 141.98401), 2], [Vector3(218.80249, 9.658086, 148.11176), Vector3(0.64557964, 0.60465246, 0.4665001), Transform3D(-0.9768324, 0, 0.21400598, 0, 1, 0, -0.21400598, 0, -0.9768324, 218.80249, 9.658086, 148.11176), 0], [Vector3(245.098, 6.044852, 139.77805), Vector3(-0.27629638, 0.8238294, 0.49493986), Transform3D(0.63185555, 0, 0.77508616, 0, 1, 0, -0.77508616, 0, 0.63185555, 245.098, 6.044852, 139.77805), 4], [Vector3(234.45363, 7.9731636, 138.5944), Vector3(0.2539351, 0.6621258, 0.7050577), Transform3D(0.026852999, 0, -0.9996394, 0, 1, 0, 0.9996394, 0, 0.026852999, 234.45363, 7.9731636, 138.5944), 4], [Vector3(223.58725, 14.467608, 138.51155), Vector3(0.4396644, 0.58067113, 0.6852126), Transform3D(0.045976207, 0, -0.99894255, 0, 1, 0, 0.99894255, 0, 0.045976207, 223.58725, 14.467608, 138.51155), 6], [Vector3(249.42163, 12.790643, 156.61348), Vector3(0.6339795, 0.4034144, 0.6597931), Transform3D(-0.14870487, 0, 0.98888165, 0, 1, 0, -0.98888165, 0, -0.14870487, 249.42163, 12.790643, 156.61348), 6], [Vector3(232.76115, 3.509879, 144.53513), Vector3(0.25339824, 0.8215512, 0.5107279), Transform3D(0.33123147, 0, -0.9435496, 0, 1, 0, 0.9435496, 0, 0.33123147, 232.76115, 3.509879, 144.53513), 4], [Vector3(204.69272, 28.749228, 148.0052), Vector3(0.75284225, 0.5844235, 0.30278355), Transform3D(-0.25022116, 0, 0.9681887, 0, 1, 0, -0.9681887, 0, -0.25022116, 204.69272, 28.749228, 148.0052), 2], [Vector3(247.70865, 6.8684015, 161.21991), Vector3(0.4695692, 0.4351679, 0.7682016), Transform3D(-0.5099756, 0, 0.86018884, 0, 1, 0, -0.86018884, 0, -0.5099756, 247.70865, 6.8684015, 161.21991), 5], [Vector3(238.0161, 8.088693, 163.96687), Vector3(0.14068481, 0.74233717, 0.6550904), Transform3D(-0.91388583, 0, 0.4059713, 0, 1, 0, -0.4059713, 0, -0.91388583, 238.0161, 8.088693, 163.96687), 5], [Vector3(216.75659, 6.6461782, 155.76326), Vector3(0.63070726, 0.6730933, 0.38620433), Transform3D(0.47097352, 0, -0.8821474, 0, 1, 0, 0.8821474, 0, 0.47097352, 216.75659, 6.6461782, 155.76326), 0], [Vector3(236.80162, 5.347541, 172.10083), Vector3(0.8177754, 0.517383, 0.25210762), Transform3D(-0.30980754, 0, 0.9507993, 0, 1, 0, -0.9507993, 0, -0.30980754, 236.80162, 5.347541, 172.10083), 5], [Vector3(230.65758, 4.4737706, 183.68277), Vector3(0.54107296, 0.7412079, 0.3973046), Transform3D(0.9439893, 0, 0.3299762, 0, 1, 0, -0.3299762, 0, 0.9439893, 230.65758, 4.4737706, 183.68277), 5], [Vector3(224.00789, 13.691208, 182.90189), Vector3(0.6497485, 0.45788914, 0.6067655), Transform3D(-0.8368832, 0, 0.5473816, 0, 1, 0, -0.5473816, 0, -0.8368832, 224.00789, 13.691208, 182.90189), 7], [Vector3(241.7908, 1.5437336, 169.25412), Vector3(0.42066476, 0.87466097, 0.24085154), Transform3D(-0.6404574, 0, -0.76799375, 0, 1, 0, 0.76799375, 0, -0.6404574, 241.7908, 1.5437336, 169.25412), 5], [Vector3(226.33249, 18.696888, 175.55424), Vector3(0.2775387, 0.90413266, 0.324833), Transform3D(-0.640012, 0, -0.7683649, 0, 1, 0, 0.7683649, 0, -0.640012, 226.33249, 18.696888, 175.55424), 7], [Vector3(237.32356, 19.662119, 128.61304), Vector3(0.16855471, 0.6112271, 0.7732986), Transform3D(-0.8711569, 0, -0.4910048, 0, 1, 0, 0.4910048, 0, -0.8711569, 237.32356, 19.662119, 128.61304), 6], [Vector3(248.8059, 10.89893, 144.36832), Vector3(-0.6138295, 0.49998087, -0.6109276), Transform3D(0.47988743, 0, 0.8773301, 0, 1, 0, -0.8773301, 0, 0.47988743, 248.8059, 10.89893, 144.36832), 4], [Vector3(239.5968, 12.636616, 153.85703), Vector3(-0.7345439, 0.4461478, -0.51127046), Transform3D(-0.9558826, 0, 0.29374903, 0, 1, 0, -0.29374903, 0, -0.9558826, 239.5968, 12.636616, 153.85703), 6], [Vector3(253.9179, 13.460701, 136.24744), Vector3(-0.49585384, 0.70990837, 0.500159), Transform3D(0.48074287, 0, -0.87686163, 0, 1, 0, 0.87686163, 0, 0.48074287, 253.9179, 13.460701, 136.24744), 6], [Vector3(254.88805, 8.482866, 154.3346), Vector3(0.5599008, 0.42886934, 0.7089304), Transform3D(-0.02081192, 0, 0.9997834, 0, 1, 0, -0.9997834, 0, -0.02081192, 254.88805, 8.482866, 154.3346), 4]]
max_members = 75
min_leaf_extent = 1.0
octant = 6
is_leaf = true
center_pos = Vector3(223, 11, 159)
extent = 32.0
bounds = AABB(191, -21, 127, 64, 64, 64)
max_bounds_to_center_dist = 55.42562584220407
min_bounds_to_center_dist = 32.0
active_LOD_index = 0
metadata/class = "MMIOctreeNode"

[sub_resource type="Resource" id="Resource_4dmrk"]
resource_local_to_scene = true
resource_name = "MMIOctreeNode"
script = ExtResource("7_ldref")
member_placeforms = [[Vector3(236.92885, 4.2310543, 193.63464), Vector3(-0.088069625, 0.9947562, 0.051999163), Transform3D(-0.10694453, 0, -0.994265, 0, 1, 0, 0.994265, 0, -0.10694453, 236.92885, 4.2310543, 193.63464), 4], [Vector3(219.49728, 7.9618874, 192.67245), Vector3(0.6189059, 0.6386173, 0.45730025), Transform3D(-0.8183449, 0, -0.5747275, 0, 1, 0, 0.5747275, 0, -0.8183449, 219.49728, 7.9618874, 192.67245), 0], [Vector3(211.45964, 13.730209, 195.23378), Vector3(0.44757685, 0.5321027, 0.71870834), Transform3D(-0.7490672, 0, 0.66249406, 0, 1, 0, -0.66249406, 0, -0.7490672, 211.45964, 13.730209, 195.23378), 2], [Vector3(220.10133, 4.056904, 202.90678), Vector3(0.1359991, 0.97817624, 0.15708455), Transform3D(-0.92896426, 0, -0.3701694, 0, 1, 0, 0.3701694, 0, -0.92896426, 220.10133, 4.056904, 202.90678), 0], [Vector3(209.28491, 5.9172106, 202.70122), Vector3(0.22710925, 0.76817673, 0.5986033), Transform3D(0.8667909, 0, 0.4986718, 0, 1, 0, -0.4986718, 0, 0.8667909, 209.28491, 5.9172106, 202.70122), 0], [Vector3(214.33153, 2.764309, 212.21046), Vector3(0.13448584, 0.9630726, 0.23324828), Transform3D(-0.7172843, 0, 0.69678056, 0, 1, 0, -0.69678056, 0, -0.7172843, 214.33153, 2.764309, 212.21046), 0], [Vector3(253.59006, 2.3903809, 223.81738), Vector3(-0.18380879, 0.9775193, -0.10329723), Transform3D(-0.18251295, 0, -0.9832035, 0, 1, 0, 0.9832035, 0, -0.18251295, 253.59006, 2.3903809, 223.81738), 5], [Vector3(210.71063, 2.1433945, 225.26624), Vector3(0.08453885, 0.9880145, -0.12915292), Transform3D(0.95616066, 0, 0.29284263, 0, 1, 0, -0.29284263, 0, 0.95616066, 210.71063, 2.1433945, 225.26624), 1], [Vector3(254.4227, 2.3986063, 235.19249), Vector3(-0.12658457, 0.9852586, 0.11507334), Transform3D(-0.24344587, 0, 0.9699145, 0, 1, 0, -0.9699145, 0, -0.24344587, 254.4227, 2.3986063, 235.19249), 5], [Vector3(241.96579, 0.4683857, 238.11295), Vector3(-0.07107023, 0.99668247, 0.039662424), Transform3D(-0.6591099, 0, 0.75204664, 0, 1, 0, -0.75204664, 0, -0.6591099, 241.96579, 0.4683857, 238.11295), 5], [Vector3(208.77147, 4.3746357, 235.09506), Vector3(0.115869425, 0.963986, -0.23938537), Transform3D(0.020678759, 0, -0.9997862, 0, 1, 0, 0.9997862, 0, 0.020678759, 208.77147, 4.3746357, 235.09506), 1], [Vector3(206.38953, 3.6535988, 211.16185), Vector3(0.02038545, 0.9876721, 0.15520398), Transform3D(0.7324612, 0, 0.6808088, 0, 1, 0, -0.6808088, 0, 0.7324612, 206.38953, 3.6535988, 211.16185), 0], [Vector3(242.44168, 0.6675091, 230.93465), Vector3(-0.11980503, 0.9927975, 5.130502e-05), Transform3D(0.13928215, 0, -0.99025273, 0, 1, 0, 0.99025273, 0, 0.13928215, 242.44168, 0.6675091, 230.93465), 5], [Vector3(198.76253, 3.312914, 227.00832), Vector3(0.08953793, 0.987682, -0.12832484), Transform3D(-0.79683036, 0, 0.60420316, 0, 1, 0, -0.60420316, 0, -0.79683036, 198.76253, 3.312914, 227.00832), 1], [Vector3(231.85616, 2.4412794, 203.34613), Vector3(0.06246887, 0.9718167, 0.22731031), Transform3D(0.5812855, 0, -0.81369966, 0, 1, 0, 0.81369966, 0, 0.5812855, 231.85616, 2.4412794, 203.34613), 4], [Vector3(242.21301, 0.0705452, 249.54222), Vector3(-0.008934112, 0.9996101, 0.026453005), Transform3D(-0.8126735, 0, -0.58271927, 0, 1, 0, 0.58271927, 0, -0.8126735, 242.21301, 0.0705452, 249.54222), 5], [Vector3(203.8361, 6.6427555, 251.48752), Vector3(0.40919358, 0.8951437, 0.17685723), Transform3D(-0.84220296, 0, 0.53916067, 0, 1, 0, -0.53916067, 0, -0.84220296, 203.8361, 6.6427555, 251.48752), 1], [Vector3(192.72139, 3.8280392, 225.9361), Vector3(0.09427109, 0.9902767, -0.10229921), Transform3D(-0.061948862, 0, 0.99807936, 0, 1, 0, -0.99807936, 0, -0.061948862, 192.72139, 3.8280392, 225.9361), 1], [Vector3(210.93094, 2.5529804, 215.1373), Vector3(0.1153976, 0.97629255, 0.18312886), Transform3D(0.47586942, 0, 0.87951595, 0, 1, 0, -0.87951595, 0, 0.47586942, 210.93094, 2.5529804, 215.1373), 0], [Vector3(203.53542, 2.6763687, 220.72466), Vector3(0.087712854, 0.9947662, 0.052409753), Transform3D(-0.6619655, 0, 0.7495343, 0, 1, 0, -0.7495343, 0, -0.6619655, 203.53542, 2.6763687, 220.72466), 0], [Vector3(192.00916, 11.201094, 253.24884), Vector3(0.25954822, 0.9614205, 0.09113441), Transform3D(-0.7700018, 0, -0.6380417, 0, 1, 0, 0.6380417, 0, -0.7700018, 192.00916, 11.201094, 253.24884), 3], [Vector3(198.03629, 7.689558, 241.63159), Vector3(0.15621348, 0.9348265, -0.3188994), Transform3D(0.11301761, 0, -0.993593, 0, 1, 0, 0.993593, 0, 0.11301761, 198.03629, 7.689558, 241.63159), 1], [Vector3(200.39464, 5.5815163, 236.37354), Vector3(0.0738181, 0.9435472, -0.3229082), Transform3D(-0.9862503, 0, -0.16525848, 0, 1, 0, 0.16525848, 0, -0.9862503, 200.39464, 5.5815163, 236.37354), 1], [Vector3(193.98405, 3.297594, 215.90897), Vector3(-0.033262115, 0.9990291, -0.028887808), Transform3D(-0.08758295, 0, 0.9961572, 0, 1, 0, -0.9961572, 0, -0.08758295, 193.98405, 3.297594, 215.90897), 0], [Vector3(191.77936, 4.8568583, 231.33365), Vector3(0.12408113, 0.9658736, -0.22735901), Transform3D(0.34969407, 0, 0.93686396, 0, 1, 0, -0.93686396, 0, 0.34969407, 191.77936, 4.8568583, 231.33365), 1], [Vector3(252.77095, 1.1783676, 215.7516), Vector3(-0.13286273, 0.98579705, -0.102721706), Transform3D(0.74654466, 0, 0.6653353, 0, 1, 0, -0.6653353, 0, 0.74654466, 252.77095, 1.1783676, 215.7516), 4], [Vector3(236.2732, 1.5516071, 206.45184), Vector3(0.0048745754, 0.97354656, 0.2284367), Transform3D(-0.42671502, 0, 0.90438616, 0, 1, 0, -0.90438616, 0, -0.42671502, 236.2732, 1.5516071, 206.45184), 4], [Vector3(245.02495, 0.90127945, 225.36563), Vector3(-0.15751144, 0.98630667, -0.04888078), Transform3D(-0.30318967, 0, -0.9529303, 0, 1, 0, 0.9529303, 0, -0.30318967, 245.02495, 0.90127945, 225.36563), 5], [Vector3(221.69653, 0.7647438, 223.23428), Vector3(0.09857865, 0.99338883, -0.058829866), Transform3D(0.74303246, 0, 0.6692554, 0, 1, 0, -0.6692554, 0, 0.74303246, 221.69653, 0.7647438, 223.23428), 1], [Vector3(222.06763, 0.90958214, 216.53186), Vector3(0.11641707, 0.9880754, 0.10076773), Transform3D(0.96629345, 0, -0.2574431, 0, 1, 0, 0.2574431, 0, 0.96629345, 222.06763, 0.90958214, 216.53186), 0], [Vector3(233.00215, 0.29611015, 235.76312), Vector3(0.036501702, 0.9993292, -0.002971264), Transform3D(0.94474167, 0, -0.32781583, 0, 1, 0, 0.32781583, 0, 0.94474167, 233.00215, 0.29611015, 235.76312), 5], [Vector3(213.3449, 3.9406567, 245.61346), Vector3(0.3015366, 0.94597834, 0.11916659), Transform3D(-0.99363214, 0, -0.11267297, 0, 1, 0, 0.11267297, 0, -0.99363214, 213.3449, 3.9406567, 245.61346), 1], [Vector3(225.31119, 0.33260918, 252.87318), Vector3(0.07381212, 0.9952242, 0.063880354), Transform3D(-0.83868545, 0, 0.5446161, 0, 1, 0, -0.5446161, 0, -0.83868545, 225.31119, 0.33260918, 252.87318), 5], [Vector3(227.6123, 0.9964905, 211.78178), Vector3(0.10454205, 0.97857994, 0.17734788), Transform3D(0.0013158756, 0, 0.99999917, 0, 1, 0, -0.99999917, 0, 0.0013158756, 227.6123, 0.9964905, 211.78178), 4], [Vector3(225.43137, 4.0396767, 196.17255), Vector3(0.084608994, 0.99607843, 0.025869088), Transform3D(0.15069382, 0, 0.98858047, 0, 1, 0, -0.98858047, 0, 0.15069382, 225.43137, 4.0396767, 196.17255), 4], [Vector3(193.55695, 9.079615, 205.53015), Vector3(0.39096883, 0.42071894, 0.8186202), Transform3D(-0.12835254, 0, 0.9917286, 0, 1, 0, -0.9917286, 0, -0.12835254, 193.55695, 9.079615, 205.53015), 0]]
max_members = 75
min_leaf_extent = 1.0
octant = 7
is_leaf = true
center_pos = Vector3(223, 11, 223)
extent = 32.0
bounds = AABB(191, -21, 191, 64, 64, 64)
max_bounds_to_center_dist = 55.42562584220407
min_bounds_to_center_dist = 32.0
active_LOD_index = 0
metadata/class = "MMIOctreeNode"

[sub_resource type="Resource" id="Resource_rv0u4"]
resource_local_to_scene = true
resource_name = "MMIOctreeNode"
script = ExtResource("7_ldref")
child_nodes = [SubResource("Resource_36tkk"), SubResource("Resource_v83yi"), SubResource("Resource_y6d7c"), SubResource("Resource_yt6ot"), SubResource("Resource_cdtnh"), SubResource("Resource_bdp16"), SubResource("Resource_1g2un"), SubResource("Resource_4dmrk")]
max_members = 75
min_leaf_extent = 1.0
octant = 5
is_leaf = true
center_pos = Vector3(191, -21, 191)
extent = 64.0
bounds = AABB(127, -85, 127, 128, 128, 128)
max_bounds_to_center_dist = 110.85125168440814
min_bounds_to_center_dist = 64.0
active_LOD_index = 0
metadata/class = "MMIOctreeNode"

[sub_resource type="Resource" id="Resource_pc642"]
resource_local_to_scene = true
resource_name = "MMIOctreeNode"
script = ExtResource("7_ldref")
max_members = 75
min_leaf_extent = 1.0
octant = 6
is_leaf = true
center_pos = Vector3(191, 107, 63)
extent = 64.0
bounds = AABB(127, 43, -1, 128, 128, 128)
max_bounds_to_center_dist = 110.85125168440814
min_bounds_to_center_dist = 64.0
active_LOD_index = 0
metadata/class = "MMIOctreeNode"

[sub_resource type="Resource" id="Resource_ibu66"]
resource_local_to_scene = true
resource_name = "MMIOctreeNode"
script = ExtResource("7_ldref")
max_members = 75
min_leaf_extent = 1.0
octant = 7
is_leaf = true
center_pos = Vector3(191, 107, 191)
extent = 64.0
bounds = AABB(127, 43, 127, 128, 128, 128)
max_bounds_to_center_dist = 110.85125168440814
min_bounds_to_center_dist = 64.0
active_LOD_index = 0
metadata/class = "MMIOctreeNode"

[sub_resource type="Resource" id="Resource_dvjjt"]
resource_local_to_scene = true
resource_name = "MMIOctreeNode"
script = ExtResource("7_ldref")
child_nodes = [SubResource("Resource_xu3up"), SubResource("Resource_wutkj"), SubResource("Resource_e3f1l"), SubResource("Resource_84xt7"), SubResource("Resource_isdlb"), SubResource("Resource_rv0u4"), SubResource("Resource_pc642"), SubResource("Resource_ibu66")]
max_members = 75
min_leaf_extent = 1.0
octant = 2
is_leaf = true
center_pos = Vector3(127, 43, 127)
extent = 128.0
bounds = AABB(-1, -85, -1, 256, 256, 256)
max_bounds_to_center_dist = 221.70250336881628
min_bounds_to_center_dist = 128.0
active_LOD_index = 0
metadata/class = "MMIOctreeNode"

[sub_resource type="Resource" id="Resource_bguke"]
resource_local_to_scene = true
resource_name = "MMIOctreeNode"
script = ExtResource("7_ldref")
member_placeforms = [[Vector3(119.207306, 25.79494, 260.04022), Vector3(0.5730104, 0.7572333, 0.3134596), Transform3D(-0.6949785, 0, -0.71903056, 0, 1, 0, 0.71903056, 0, -0.6949785, 119.207306, 25.79494, 260.04022), 6], [Vector3(123.656525, 27.15517, 331.86923), Vector3(0.29344207, 0.75411326, -0.58754146), Transform3D(0.021406252, 0, 0.9997709, 0, 1, 0, -0.9997709, 0, 0.021406252, 123.656525, 27.15517, 331.86923), 7], [Vector3(121.7115, 24.392918, 296.3716), Vector3(-0.16811265, 0.98148644, 0.09177473), Transform3D(0.9086113, 0, -0.41764277, 0, 1, 0, 0.41764277, 0, 0.9086113, 121.7115, 24.392918, 296.3716), 6], [Vector3(122.36113, 22.888226, 306.06305), Vector3(0.41579506, 0.89667636, 0.15194078), Transform3D(-0.9548746, 0, -0.2970093, 0, 1, 0, 0.2970093, 0, -0.9548746, 122.36113, 22.888226, 306.06305), 6], [Vector3(122.697205, 21.356686, 315.5606), Vector3(0.62171483, 0.7770683, 0.09816066), Transform3D(-0.5881472, 0, 0.8087539, 0, 1, 0, -0.8087539, 0, -0.5881472, 122.697205, 21.356686, 315.5606), 6], [Vector3(125.47511, 19.452253, 322.4253), Vector3(0.6955503, 0.6592988, -0.28554338), Transform3D(0.8356849, 0, -0.54920924, 0, 1, 0, 0.54920924, 0, 0.8356849, 125.47511, 19.452253, 322.4253), 7], [Vector3(120.214325, 23.959362, 323.8944), Vector3(0.42802277, 0.85331774, -0.2977338), Transform3D(0.18488301, 0, -0.98276055, 0, 1, 0, 0.98276055, 0, 0.18488301, 120.214325, 23.959362, 323.8944), 7]]
max_members = 75
min_leaf_extent = 1.0
octant = -1
is_leaf = true
center_pos = Vector3(63, -21, 319)
extent = 64.0
bounds = AABB(-1, -85, 255, 128, 128, 128)
max_bounds_to_center_dist = 110.85125168440814
min_bounds_to_center_dist = 64.0
active_LOD_index = 0
metadata/class = "MMIOctreeNode"

[sub_resource type="Resource" id="Resource_15m0i"]
resource_local_to_scene = true
resource_name = "MMIOctreeNode"
script = ExtResource("7_ldref")
max_members = 75
min_leaf_extent = 1.0
octant = 1
is_leaf = true
center_pos = Vector3(63, -21, 447)
extent = 64.0
bounds = AABB(-1, -85, 383, 128, 128, 128)
max_bounds_to_center_dist = 110.85125168440814
min_bounds_to_center_dist = 64.0
active_LOD_index = 0
metadata/class = "MMIOctreeNode"

[sub_resource type="Resource" id="Resource_lftrj"]
resource_local_to_scene = true
resource_name = "MMIOctreeNode"
script = ExtResource("7_ldref")
max_members = 75
min_leaf_extent = 1.0
octant = 2
is_leaf = true
center_pos = Vector3(63, 107, 319)
extent = 64.0
bounds = AABB(-1, 43, 255, 128, 128, 128)
max_bounds_to_center_dist = 110.85125168440814
min_bounds_to_center_dist = 64.0
active_LOD_index = 0
metadata/class = "MMIOctreeNode"

[sub_resource type="Resource" id="Resource_jcen7"]
resource_local_to_scene = true
resource_name = "MMIOctreeNode"
script = ExtResource("7_ldref")
max_members = 75
min_leaf_extent = 1.0
octant = 3
is_leaf = true
center_pos = Vector3(63, 107, 447)
extent = 64.0
bounds = AABB(-1, 43, 383, 128, 128, 128)
max_bounds_to_center_dist = 110.85125168440814
min_bounds_to_center_dist = 64.0
active_LOD_index = 0
metadata/class = "MMIOctreeNode"

[sub_resource type="Resource" id="Resource_6ivr3"]
resource_local_to_scene = true
resource_name = "MMIOctreeNode"
script = ExtResource("7_ldref")
max_members = 75
min_leaf_extent = 1.0
octant = -1
is_leaf = true
center_pos = Vector3(159, -53, 287)
extent = 32.0
bounds = AABB(127, -85, 255, 64, 64, 64)
max_bounds_to_center_dist = 55.42562584220407
min_bounds_to_center_dist = 32.0
active_LOD_index = 0
metadata/class = "MMIOctreeNode"

[sub_resource type="Resource" id="Resource_u3ypu"]
resource_local_to_scene = true
resource_name = "MMIOctreeNode"
script = ExtResource("7_ldref")
max_members = 75
min_leaf_extent = 1.0
octant = 1
is_leaf = true
center_pos = Vector3(159, -53, 351)
extent = 32.0
bounds = AABB(127, -85, 319, 64, 64, 64)
max_bounds_to_center_dist = 55.42562584220407
min_bounds_to_center_dist = 32.0
active_LOD_index = 0
metadata/class = "MMIOctreeNode"

[sub_resource type="Resource" id="Resource_6q7ja"]
resource_local_to_scene = true
resource_name = "MMIOctreeNode"
script = ExtResource("7_ldref")
